section_id,domain,train/test,label,wave_id,attributes,mtype,wave_path,vel,loc
0,source,train,normal,0,"['vel', '8', 'loc', 'B']",bearing,/DKUdata/2020/zhangyc/corpus/raw_data/dcase2023_t2/development/bearing/train/section_00_source_train_normal_0000_vel_8_loc_B.wav,8,B
0,source,train,normal,1,"['vel', '5', 'loc', 'A']",bearing,/DKUdata/2020/zhangyc/corpus/raw_data/dcase2023_t2/development/bearing/train/section_00_source_train_normal_0001_vel_5_loc_A.wav,5,A
0,source,train,normal,2,"['vel', '16', 'loc', 'B']",bearing,/DKUdata/2020/zhangyc/corpus/raw_data/dcase2023_t2/development/bearing/train/section_00_source_train_normal_0002_vel_16_loc_B.wav,16,B
0,source,train,normal,3,"['vel', '5', 'loc', 'A']",bearing,/DKUdata/2020/zhangyc/corpus/raw_data/dcase2023_t2/development/bearing/train/section_00_source_train_normal_0003_vel_5_loc_A.wav,5,A
0,source,train,normal,4,"['vel', '16', 'loc', 'A']",bearing,/DKUdata/2020/zhangyc/corpus/raw_data/dcase2023_t2/development/bearing/train/section_00_source_train_normal_0004_vel_16_loc_A.wav,16,A
0,source,train,normal,5,"['vel', '8', 'loc', 'B']",bearing,/DKUdata/2020/zhangyc/corpus/raw_data/dcase2023_t2/development/bearing/train/section_00_source_train_normal_0005_vel_8_loc_B.wav,8,B
0,source,train,normal,6,"['vel', '21', 'loc', 'A']",bearing,/DKUdata/2020/zhangyc/corpus/raw_data/dcase2023_t2/development/bearing/train/section_00_source_train_normal_0006_vel_21_loc_A.wav,21,A
0,source,train,normal,7,"['vel', '5', 'loc', 'A']",bearing,/DKUdata/2020/zhangyc/corpus/raw_data/dcase2023_t2/development/bearing/train/section_00_source_train_normal_0007_vel_5_loc_A.wav,5,A
0,source,train,normal,8,"['vel', '8', 'loc', 'C']",bearing,/DKUdata/2020/zhangyc/corpus/raw_data/dcase2023_t2/development/bearing/train/section_00_source_train_normal_0008_vel_8_loc_C.wav,8,C
0,source,train,normal,9,"['vel', '13', 'loc', 'A']",bearing,/DKUdata/2020/zhangyc/corpus/raw_data/dcase2023_t2/development/bearing/train/section_00_source_train_normal_0009_vel_13_loc_A.wav,13,A
0,source,train,normal,10,"['vel', '13', 'loc', 'A']",bearing,/DKUdata/2020/zhangyc/corpus/raw_data/dcase2023_t2/development/bearing/train/section_00_source_train_normal_0010_vel_13_loc_A.wav,13,A
0,source,train,normal,11,"['vel', '13', 'loc', 'A']",bearing,/DKUdata/2020/zhangyc/corpus/raw_data/dcase2023_t2/development/bearing/train/section_00_source_train_normal_0011_vel_13_loc_A.wav,13,A
0,source,train,normal,12,"['vel', '21', 'loc', 'A']",bearing,/DKUdata/2020/zhangyc/corpus/raw_data/dcase2023_t2/development/bearing/train/section_00_source_train_normal_0012_vel_21_loc_A.wav,21,A
0,source,train,normal,13,"['vel', '17', 'loc', 'A']",bearing,/DKUdata/2020/zhangyc/corpus/raw_data/dcase2023_t2/development/bearing/train/section_00_source_train_normal_0013_vel_17_loc_A.wav,17,A
0,source,train,normal,14,"['vel', '16', 'loc', 'D']",bearing,/DKUdata/2020/zhangyc/corpus/raw_data/dcase2023_t2/development/bearing/train/section_00_source_train_normal_0014_vel_16_loc_D.wav,16,D
0,source,train,normal,15,"['vel', '8', 'loc', 'D']",bearing,/DKUdata/2020/zhangyc/corpus/raw_data/dcase2023_t2/development/bearing/train/section_00_source_train_normal_0015_vel_8_loc_D.wav,8,D
0,source,train,normal,16,"['vel', '17', 'loc', 'A']",bearing,/DKUdata/2020/zhangyc/corpus/raw_data/dcase2023_t2/development/bearing/train/section_00_source_train_normal_0016_vel_17_loc_A.wav,17,A
0,source,train,normal,17,"['vel', '21', 'loc', 'A']",bearing,/DKUdata/2020/zhangyc/corpus/raw_data/dcase2023_t2/development/bearing/train/section_00_source_train_normal_0017_vel_21_loc_A.wav,21,A
0,source,train,normal,18,"['vel', '13', 'loc', 'A']",bearing,/DKUdata/2020/zhangyc/corpus/raw_data/dcase2023_t2/development/bearing/train/section_00_source_train_normal_0018_vel_13_loc_A.wav,13,A
0,source,train,normal,19,"['vel', '9', 'loc', 'A']",bearing,/DKUdata/2020/zhangyc/corpus/raw_data/dcase2023_t2/development/bearing/train/section_00_source_train_normal_0019_vel_9_loc_A.wav,9,A
0,source,train,normal,20,"['vel', '16', 'loc', 'A']",bearing,/DKUdata/2020/zhangyc/corpus/raw_data/dcase2023_t2/development/bearing/train/section_00_source_train_normal_0020_vel_16_loc_A.wav,16,A
0,source,train,normal,21,"['vel', '8', 'loc', 'C']",bearing,/DKUdata/2020/zhangyc/corpus/raw_data/dcase2023_t2/development/bearing/train/section_00_source_train_normal_0021_vel_8_loc_C.wav,8,C
0,source,train,normal,22,"['vel', '16', 'loc', 'A']",bearing,/DKUdata/2020/zhangyc/corpus/raw_data/dcase2023_t2/development/bearing/train/section_00_source_train_normal_0022_vel_16_loc_A.wav,16,A
0,source,train,normal,23,"['vel', '8', 'loc', 'B']",bearing,/DKUdata/2020/zhangyc/corpus/raw_data/dcase2023_t2/development/bearing/train/section_00_source_train_normal_0023_vel_8_loc_B.wav,8,B
0,source,train,normal,24,"['vel', '16', 'loc', 'B']",bearing,/DKUdata/2020/zhangyc/corpus/raw_data/dcase2023_t2/development/bearing/train/section_00_source_train_normal_0024_vel_16_loc_B.wav,16,B
0,source,train,normal,25,"['vel', '16', 'loc', 'A']",bearing,/DKUdata/2020/zhangyc/corpus/raw_data/dcase2023_t2/development/bearing/train/section_00_source_train_normal_0025_vel_16_loc_A.wav,16,A
0,source,train,normal,26,"['vel', '16', 'loc', 'D']",bearing,/DKUdata/2020/zhangyc/corpus/raw_data/dcase2023_t2/development/bearing/train/section_00_source_train_normal_0026_vel_16_loc_D.wav,16,D
0,source,train,normal,27,"['vel', '8', 'loc', 'A']",bearing,/DKUdata/2020/zhangyc/corpus/raw_data/dcase2023_t2/development/bearing/train/section_00_source_train_normal_0027_vel_8_loc_A.wav,8,A
0,source,train,normal,28,"['vel', '16', 'loc', 'C']",bearing,/DKUdata/2020/zhangyc/corpus/raw_data/dcase2023_t2/development/bearing/train/section_00_source_train_normal_0028_vel_16_loc_C.wav,16,C
0,source,train,normal,29,"['vel', '16', 'loc', 'A']",bearing,/DKUdata/2020/zhangyc/corpus/raw_data/dcase2023_t2/development/bearing/train/section_00_source_train_normal_0029_vel_16_loc_A.wav,16,A
0,source,train,normal,30,"['vel', '17', 'loc', 'A']",bearing,/DKUdata/2020/zhangyc/corpus/raw_data/dcase2023_t2/development/bearing/train/section_00_source_train_normal_0030_vel_17_loc_A.wav,17,A
0,source,train,normal,31,"['vel', '5', 'loc', 'A']",bearing,/DKUdata/2020/zhangyc/corpus/raw_data/dcase2023_t2/development/bearing/train/section_00_source_train_normal_0031_vel_5_loc_A.wav,5,A
0,source,train,normal,32,"['vel', '8', 'loc', 'B']",bearing,/DKUdata/2020/zhangyc/corpus/raw_data/dcase2023_t2/development/bearing/train/section_00_source_train_normal_0032_vel_8_loc_B.wav,8,B
0,source,train,normal,33,"['vel', '8', 'loc', 'A']",bearing,/DKUdata/2020/zhangyc/corpus/raw_data/dcase2023_t2/development/bearing/train/section_00_source_train_normal_0033_vel_8_loc_A.wav,8,A
0,source,train,normal,34,"['vel', '16', 'loc', 'A']",bearing,/DKUdata/2020/zhangyc/corpus/raw_data/dcase2023_t2/development/bearing/train/section_00_source_train_normal_0034_vel_16_loc_A.wav,16,A
0,source,train,normal,35,"['vel', '16', 'loc', 'C']",bearing,/DKUdata/2020/zhangyc/corpus/raw_data/dcase2023_t2/development/bearing/train/section_00_source_train_normal_0035_vel_16_loc_C.wav,16,C
0,source,train,normal,36,"['vel', '8', 'loc', 'B']",bearing,/DKUdata/2020/zhangyc/corpus/raw_data/dcase2023_t2/development/bearing/train/section_00_source_train_normal_0036_vel_8_loc_B.wav,8,B
0,source,train,normal,37,"['vel', '16', 'loc', 'A']",bearing,/DKUdata/2020/zhangyc/corpus/raw_data/dcase2023_t2/development/bearing/train/section_00_source_train_normal_0037_vel_16_loc_A.wav,16,A
0,source,train,normal,38,"['vel', '17', 'loc', 'A']",bearing,/DKUdata/2020/zhangyc/corpus/raw_data/dcase2023_t2/development/bearing/train/section_00_source_train_normal_0038_vel_17_loc_A.wav,17,A
0,source,train,normal,39,"['vel', '16', 'loc', 'B']",bearing,/DKUdata/2020/zhangyc/corpus/raw_data/dcase2023_t2/development/bearing/train/section_00_source_train_normal_0039_vel_16_loc_B.wav,16,B
0,source,train,normal,40,"['vel', '8', 'loc', 'C']",bearing,/DKUdata/2020/zhangyc/corpus/raw_data/dcase2023_t2/development/bearing/train/section_00_source_train_normal_0040_vel_8_loc_C.wav,8,C
0,source,train,normal,41,"['vel', '8', 'loc', 'D']",bearing,/DKUdata/2020/zhangyc/corpus/raw_data/dcase2023_t2/development/bearing/train/section_00_source_train_normal_0041_vel_8_loc_D.wav,8,D
0,source,train,normal,42,"['vel', '5', 'loc', 'A']",bearing,/DKUdata/2020/zhangyc/corpus/raw_data/dcase2023_t2/development/bearing/train/section_00_source_train_normal_0042_vel_5_loc_A.wav,5,A
0,source,train,normal,43,"['vel', '21', 'loc', 'A']",bearing,/DKUdata/2020/zhangyc/corpus/raw_data/dcase2023_t2/development/bearing/train/section_00_source_train_normal_0043_vel_21_loc_A.wav,21,A
0,source,train,normal,44,"['vel', '5', 'loc', 'A']",bearing,/DKUdata/2020/zhangyc/corpus/raw_data/dcase2023_t2/development/bearing/train/section_00_source_train_normal_0044_vel_5_loc_A.wav,5,A
0,source,train,normal,45,"['vel', '5', 'loc', 'A']",bearing,/DKUdata/2020/zhangyc/corpus/raw_data/dcase2023_t2/development/bearing/train/section_00_source_train_normal_0045_vel_5_loc_A.wav,5,A
0,source,train,normal,46,"['vel', '21', 'loc', 'A']",bearing,/DKUdata/2020/zhangyc/corpus/raw_data/dcase2023_t2/development/bearing/train/section_00_source_train_normal_0046_vel_21_loc_A.wav,21,A
0,source,train,normal,47,"['vel', '9', 'loc', 'A']",bearing,/DKUdata/2020/zhangyc/corpus/raw_data/dcase2023_t2/development/bearing/train/section_00_source_train_normal_0047_vel_9_loc_A.wav,9,A
0,source,train,normal,48,"['vel', '21', 'loc', 'A']",bearing,/DKUdata/2020/zhangyc/corpus/raw_data/dcase2023_t2/development/bearing/train/section_00_source_train_normal_0048_vel_21_loc_A.wav,21,A
0,source,train,normal,49,"['vel', '16', 'loc', 'A']",bearing,/DKUdata/2020/zhangyc/corpus/raw_data/dcase2023_t2/development/bearing/train/section_00_source_train_normal_0049_vel_16_loc_A.wav,16,A
0,source,train,normal,50,"['vel', '8', 'loc', 'D']",bearing,/DKUdata/2020/zhangyc/corpus/raw_data/dcase2023_t2/development/bearing/train/section_00_source_train_normal_0050_vel_8_loc_D.wav,8,D
0,source,train,normal,51,"['vel', '9', 'loc', 'A']",bearing,/DKUdata/2020/zhangyc/corpus/raw_data/dcase2023_t2/development/bearing/train/section_00_source_train_normal_0051_vel_9_loc_A.wav,9,A
0,source,train,normal,52,"['vel', '8', 'loc', 'A']",bearing,/DKUdata/2020/zhangyc/corpus/raw_data/dcase2023_t2/development/bearing/train/section_00_source_train_normal_0052_vel_8_loc_A.wav,8,A
0,source,train,normal,53,"['vel', '8', 'loc', 'A']",bearing,/DKUdata/2020/zhangyc/corpus/raw_data/dcase2023_t2/development/bearing/train/section_00_source_train_normal_0053_vel_8_loc_A.wav,8,A
0,source,train,normal,54,"['vel', '16', 'loc', 'B']",bearing,/DKUdata/2020/zhangyc/corpus/raw_data/dcase2023_t2/development/bearing/train/section_00_source_train_normal_0054_vel_16_loc_B.wav,16,B
0,source,train,normal,55,"['vel', '5', 'loc', 'A']",bearing,/DKUdata/2020/zhangyc/corpus/raw_data/dcase2023_t2/development/bearing/train/section_00_source_train_normal_0055_vel_5_loc_A.wav,5,A
0,source,train,normal,56,"['vel', '13', 'loc', 'A']",bearing,/DKUdata/2020/zhangyc/corpus/raw_data/dcase2023_t2/development/bearing/train/section_00_source_train_normal_0056_vel_13_loc_A.wav,13,A
0,source,train,normal,57,"['vel', '8', 'loc', 'D']",bearing,/DKUdata/2020/zhangyc/corpus/raw_data/dcase2023_t2/development/bearing/train/section_00_source_train_normal_0057_vel_8_loc_D.wav,8,D
0,source,train,normal,58,"['vel', '16', 'loc', 'C']",bearing,/DKUdata/2020/zhangyc/corpus/raw_data/dcase2023_t2/development/bearing/train/section_00_source_train_normal_0058_vel_16_loc_C.wav,16,C
0,source,train,normal,59,"['vel', '8', 'loc', 'B']",bearing,/DKUdata/2020/zhangyc/corpus/raw_data/dcase2023_t2/development/bearing/train/section_00_source_train_normal_0059_vel_8_loc_B.wav,8,B
0,source,train,normal,60,"['vel', '5', 'loc', 'A']",bearing,/DKUdata/2020/zhangyc/corpus/raw_data/dcase2023_t2/development/bearing/train/section_00_source_train_normal_0060_vel_5_loc_A.wav,5,A
0,source,train,normal,61,"['vel', '8', 'loc', 'D']",bearing,/DKUdata/2020/zhangyc/corpus/raw_data/dcase2023_t2/development/bearing/train/section_00_source_train_normal_0061_vel_8_loc_D.wav,8,D
0,source,train,normal,62,"['vel', '8', 'loc', 'D']",bearing,/DKUdata/2020/zhangyc/corpus/raw_data/dcase2023_t2/development/bearing/train/section_00_source_train_normal_0062_vel_8_loc_D.wav,8,D
0,source,train,normal,63,"['vel', '16', 'loc', 'D']",bearing,/DKUdata/2020/zhangyc/corpus/raw_data/dcase2023_t2/development/bearing/train/section_00_source_train_normal_0063_vel_16_loc_D.wav,16,D
0,source,train,normal,64,"['vel', '8', 'loc', 'A']",bearing,/DKUdata/2020/zhangyc/corpus/raw_data/dcase2023_t2/development/bearing/train/section_00_source_train_normal_0064_vel_8_loc_A.wav,8,A
0,source,train,normal,65,"['vel', '8', 'loc', 'D']",bearing,/DKUdata/2020/zhangyc/corpus/raw_data/dcase2023_t2/development/bearing/train/section_00_source_train_normal_0065_vel_8_loc_D.wav,8,D
0,source,train,normal,66,"['vel', '16', 'loc', 'B']",bearing,/DKUdata/2020/zhangyc/corpus/raw_data/dcase2023_t2/development/bearing/train/section_00_source_train_normal_0066_vel_16_loc_B.wav,16,B
0,source,train,normal,67,"['vel', '13', 'loc', 'A']",bearing,/DKUdata/2020/zhangyc/corpus/raw_data/dcase2023_t2/development/bearing/train/section_00_source_train_normal_0067_vel_13_loc_A.wav,13,A
0,source,train,normal,68,"['vel', '13', 'loc', 'A']",bearing,/DKUdata/2020/zhangyc/corpus/raw_data/dcase2023_t2/development/bearing/train/section_00_source_train_normal_0068_vel_13_loc_A.wav,13,A
0,source,train,normal,69,"['vel', '16', 'loc', 'D']",bearing,/DKUdata/2020/zhangyc/corpus/raw_data/dcase2023_t2/development/bearing/train/section_00_source_train_normal_0069_vel_16_loc_D.wav,16,D
0,source,train,normal,70,"['vel', '16', 'loc', 'B']",bearing,/DKUdata/2020/zhangyc/corpus/raw_data/dcase2023_t2/development/bearing/train/section_00_source_train_normal_0070_vel_16_loc_B.wav,16,B
0,source,train,normal,71,"['vel', '16', 'loc', 'A']",bearing,/DKUdata/2020/zhangyc/corpus/raw_data/dcase2023_t2/development/bearing/train/section_00_source_train_normal_0071_vel_16_loc_A.wav,16,A
0,source,train,normal,72,"['vel', '16', 'loc', 'B']",bearing,/DKUdata/2020/zhangyc/corpus/raw_data/dcase2023_t2/development/bearing/train/section_00_source_train_normal_0072_vel_16_loc_B.wav,16,B
0,source,train,normal,73,"['vel', '16', 'loc', 'C']",bearing,/DKUdata/2020/zhangyc/corpus/raw_data/dcase2023_t2/development/bearing/train/section_00_source_train_normal_0073_vel_16_loc_C.wav,16,C
0,source,train,normal,74,"['vel', '17', 'loc', 'A']",bearing,/DKUdata/2020/zhangyc/corpus/raw_data/dcase2023_t2/development/bearing/train/section_00_source_train_normal_0074_vel_17_loc_A.wav,17,A
0,source,train,normal,75,"['vel', '17', 'loc', 'A']",bearing,/DKUdata/2020/zhangyc/corpus/raw_data/dcase2023_t2/development/bearing/train/section_00_source_train_normal_0075_vel_17_loc_A.wav,17,A
0,source,train,normal,76,"['vel', '21', 'loc', 'A']",bearing,/DKUdata/2020/zhangyc/corpus/raw_data/dcase2023_t2/development/bearing/train/section_00_source_train_normal_0076_vel_21_loc_A.wav,21,A
0,source,train,normal,77,"['vel', '5', 'loc', 'A']",bearing,/DKUdata/2020/zhangyc/corpus/raw_data/dcase2023_t2/development/bearing/train/section_00_source_train_normal_0077_vel_5_loc_A.wav,5,A
0,source,train,normal,78,"['vel', '9', 'loc', 'A']",bearing,/DKUdata/2020/zhangyc/corpus/raw_data/dcase2023_t2/development/bearing/train/section_00_source_train_normal_0078_vel_9_loc_A.wav,9,A
0,source,train,normal,79,"['vel', '8', 'loc', 'C']",bearing,/DKUdata/2020/zhangyc/corpus/raw_data/dcase2023_t2/development/bearing/train/section_00_source_train_normal_0079_vel_8_loc_C.wav,8,C
0,source,train,normal,80,"['vel', '8', 'loc', 'B']",bearing,/DKUdata/2020/zhangyc/corpus/raw_data/dcase2023_t2/development/bearing/train/section_00_source_train_normal_0080_vel_8_loc_B.wav,8,B
0,source,train,normal,81,"['vel', '21', 'loc', 'A']",bearing,/DKUdata/2020/zhangyc/corpus/raw_data/dcase2023_t2/development/bearing/train/section_00_source_train_normal_0081_vel_21_loc_A.wav,21,A
0,source,train,normal,82,"['vel', '21', 'loc', 'A']",bearing,/DKUdata/2020/zhangyc/corpus/raw_data/dcase2023_t2/development/bearing/train/section_00_source_train_normal_0082_vel_21_loc_A.wav,21,A
0,source,train,normal,83,"['vel', '5', 'loc', 'A']",bearing,/DKUdata/2020/zhangyc/corpus/raw_data/dcase2023_t2/development/bearing/train/section_00_source_train_normal_0083_vel_5_loc_A.wav,5,A
0,source,train,normal,84,"['vel', '17', 'loc', 'A']",bearing,/DKUdata/2020/zhangyc/corpus/raw_data/dcase2023_t2/development/bearing/train/section_00_source_train_normal_0084_vel_17_loc_A.wav,17,A
0,source,train,normal,85,"['vel', '16', 'loc', 'C']",bearing,/DKUdata/2020/zhangyc/corpus/raw_data/dcase2023_t2/development/bearing/train/section_00_source_train_normal_0085_vel_16_loc_C.wav,16,C
0,source,train,normal,86,"['vel', '9', 'loc', 'A']",bearing,/DKUdata/2020/zhangyc/corpus/raw_data/dcase2023_t2/development/bearing/train/section_00_source_train_normal_0086_vel_9_loc_A.wav,9,A
0,source,train,normal,87,"['vel', '16', 'loc', 'A']",bearing,/DKUdata/2020/zhangyc/corpus/raw_data/dcase2023_t2/development/bearing/train/section_00_source_train_normal_0087_vel_16_loc_A.wav,16,A
0,source,train,normal,88,"['vel', '21', 'loc', 'A']",bearing,/DKUdata/2020/zhangyc/corpus/raw_data/dcase2023_t2/development/bearing/train/section_00_source_train_normal_0088_vel_21_loc_A.wav,21,A
0,source,train,normal,89,"['vel', '16', 'loc', 'B']",bearing,/DKUdata/2020/zhangyc/corpus/raw_data/dcase2023_t2/development/bearing/train/section_00_source_train_normal_0089_vel_16_loc_B.wav,16,B
0,source,train,normal,90,"['vel', '21', 'loc', 'A']",bearing,/DKUdata/2020/zhangyc/corpus/raw_data/dcase2023_t2/development/bearing/train/section_00_source_train_normal_0090_vel_21_loc_A.wav,21,A
0,source,train,normal,91,"['vel', '16', 'loc', 'C']",bearing,/DKUdata/2020/zhangyc/corpus/raw_data/dcase2023_t2/development/bearing/train/section_00_source_train_normal_0091_vel_16_loc_C.wav,16,C
0,source,train,normal,92,"['vel', '21', 'loc', 'A']",bearing,/DKUdata/2020/zhangyc/corpus/raw_data/dcase2023_t2/development/bearing/train/section_00_source_train_normal_0092_vel_21_loc_A.wav,21,A
0,source,train,normal,93,"['vel', '8', 'loc', 'A']",bearing,/DKUdata/2020/zhangyc/corpus/raw_data/dcase2023_t2/development/bearing/train/section_00_source_train_normal_0093_vel_8_loc_A.wav,8,A
0,source,train,normal,94,"['vel', '16', 'loc', 'C']",bearing,/DKUdata/2020/zhangyc/corpus/raw_data/dcase2023_t2/development/bearing/train/section_00_source_train_normal_0094_vel_16_loc_C.wav,16,C
0,source,train,normal,95,"['vel', '16', 'loc', 'A']",bearing,/DKUdata/2020/zhangyc/corpus/raw_data/dcase2023_t2/development/bearing/train/section_00_source_train_normal_0095_vel_16_loc_A.wav,16,A
0,source,train,normal,96,"['vel', '16', 'loc', 'C']",bearing,/DKUdata/2020/zhangyc/corpus/raw_data/dcase2023_t2/development/bearing/train/section_00_source_train_normal_0096_vel_16_loc_C.wav,16,C
0,source,train,normal,97,"['vel', '16', 'loc', 'C']",bearing,/DKUdata/2020/zhangyc/corpus/raw_data/dcase2023_t2/development/bearing/train/section_00_source_train_normal_0097_vel_16_loc_C.wav,16,C
0,source,train,normal,98,"['vel', '21', 'loc', 'A']",bearing,/DKUdata/2020/zhangyc/corpus/raw_data/dcase2023_t2/development/bearing/train/section_00_source_train_normal_0098_vel_21_loc_A.wav,21,A
0,source,train,normal,99,"['vel', '16', 'loc', 'B']",bearing,/DKUdata/2020/zhangyc/corpus/raw_data/dcase2023_t2/development/bearing/train/section_00_source_train_normal_0099_vel_16_loc_B.wav,16,B
0,source,train,normal,100,"['vel', '9', 'loc', 'A']",bearing,/DKUdata/2020/zhangyc/corpus/raw_data/dcase2023_t2/development/bearing/train/section_00_source_train_normal_0100_vel_9_loc_A.wav,9,A
0,source,train,normal,101,"['vel', '8', 'loc', 'C']",bearing,/DKUdata/2020/zhangyc/corpus/raw_data/dcase2023_t2/development/bearing/train/section_00_source_train_normal_0101_vel_8_loc_C.wav,8,C
0,source,train,normal,102,"['vel', '5', 'loc', 'A']",bearing,/DKUdata/2020/zhangyc/corpus/raw_data/dcase2023_t2/development/bearing/train/section_00_source_train_normal_0102_vel_5_loc_A.wav,5,A
0,source,train,normal,103,"['vel', '17', 'loc', 'A']",bearing,/DKUdata/2020/zhangyc/corpus/raw_data/dcase2023_t2/development/bearing/train/section_00_source_train_normal_0103_vel_17_loc_A.wav,17,A
0,source,train,normal,104,"['vel', '17', 'loc', 'A']",bearing,/DKUdata/2020/zhangyc/corpus/raw_data/dcase2023_t2/development/bearing/train/section_00_source_train_normal_0104_vel_17_loc_A.wav,17,A
0,source,train,normal,105,"['vel', '9', 'loc', 'A']",bearing,/DKUdata/2020/zhangyc/corpus/raw_data/dcase2023_t2/development/bearing/train/section_00_source_train_normal_0105_vel_9_loc_A.wav,9,A
0,source,train,normal,106,"['vel', '13', 'loc', 'A']",bearing,/DKUdata/2020/zhangyc/corpus/raw_data/dcase2023_t2/development/bearing/train/section_00_source_train_normal_0106_vel_13_loc_A.wav,13,A
0,source,train,normal,107,"['vel', '9', 'loc', 'A']",bearing,/DKUdata/2020/zhangyc/corpus/raw_data/dcase2023_t2/development/bearing/train/section_00_source_train_normal_0107_vel_9_loc_A.wav,9,A
0,source,train,normal,108,"['vel', '9', 'loc', 'A']",bearing,/DKUdata/2020/zhangyc/corpus/raw_data/dcase2023_t2/development/bearing/train/section_00_source_train_normal_0108_vel_9_loc_A.wav,9,A
0,source,train,normal,109,"['vel', '16', 'loc', 'A']",bearing,/DKUdata/2020/zhangyc/corpus/raw_data/dcase2023_t2/development/bearing/train/section_00_source_train_normal_0109_vel_16_loc_A.wav,16,A
0,source,train,normal,110,"['vel', '9', 'loc', 'A']",bearing,/DKUdata/2020/zhangyc/corpus/raw_data/dcase2023_t2/development/bearing/train/section_00_source_train_normal_0110_vel_9_loc_A.wav,9,A
0,source,train,normal,111,"['vel', '5', 'loc', 'A']",bearing,/DKUdata/2020/zhangyc/corpus/raw_data/dcase2023_t2/development/bearing/train/section_00_source_train_normal_0111_vel_5_loc_A.wav,5,A
0,source,train,normal,112,"['vel', '17', 'loc', 'A']",bearing,/DKUdata/2020/zhangyc/corpus/raw_data/dcase2023_t2/development/bearing/train/section_00_source_train_normal_0112_vel_17_loc_A.wav,17,A
0,source,train,normal,113,"['vel', '16', 'loc', 'A']",bearing,/DKUdata/2020/zhangyc/corpus/raw_data/dcase2023_t2/development/bearing/train/section_00_source_train_normal_0113_vel_16_loc_A.wav,16,A
0,source,train,normal,114,"['vel', '8', 'loc', 'B']",bearing,/DKUdata/2020/zhangyc/corpus/raw_data/dcase2023_t2/development/bearing/train/section_00_source_train_normal_0114_vel_8_loc_B.wav,8,B
0,source,train,normal,115,"['vel', '9', 'loc', 'A']",bearing,/DKUdata/2020/zhangyc/corpus/raw_data/dcase2023_t2/development/bearing/train/section_00_source_train_normal_0115_vel_9_loc_A.wav,9,A
0,source,train,normal,116,"['vel', '13', 'loc', 'A']",bearing,/DKUdata/2020/zhangyc/corpus/raw_data/dcase2023_t2/development/bearing/train/section_00_source_train_normal_0116_vel_13_loc_A.wav,13,A
0,source,train,normal,117,"['vel', '8', 'loc', 'D']",bearing,/DKUdata/2020/zhangyc/corpus/raw_data/dcase2023_t2/development/bearing/train/section_00_source_train_normal_0117_vel_8_loc_D.wav,8,D
0,source,train,normal,118,"['vel', '17', 'loc', 'A']",bearing,/DKUdata/2020/zhangyc/corpus/raw_data/dcase2023_t2/development/bearing/train/section_00_source_train_normal_0118_vel_17_loc_A.wav,17,A
0,source,train,normal,119,"['vel', '8', 'loc', 'D']",bearing,/DKUdata/2020/zhangyc/corpus/raw_data/dcase2023_t2/development/bearing/train/section_00_source_train_normal_0119_vel_8_loc_D.wav,8,D
0,source,train,normal,120,"['vel', '8', 'loc', 'C']",bearing,/DKUdata/2020/zhangyc/corpus/raw_data/dcase2023_t2/development/bearing/train/section_00_source_train_normal_0120_vel_8_loc_C.wav,8,C
0,source,train,normal,121,"['vel', '8', 'loc', 'D']",bearing,/DKUdata/2020/zhangyc/corpus/raw_data/dcase2023_t2/development/bearing/train/section_00_source_train_normal_0121_vel_8_loc_D.wav,8,D
0,source,train,normal,122,"['vel', '8', 'loc', 'A']",bearing,/DKUdata/2020/zhangyc/corpus/raw_data/dcase2023_t2/development/bearing/train/section_00_source_train_normal_0122_vel_8_loc_A.wav,8,A
0,source,train,normal,123,"['vel', '8', 'loc', 'A']",bearing,/DKUdata/2020/zhangyc/corpus/raw_data/dcase2023_t2/development/bearing/train/section_00_source_train_normal_0123_vel_8_loc_A.wav,8,A
0,source,train,normal,124,"['vel', '9', 'loc', 'A']",bearing,/DKUdata/2020/zhangyc/corpus/raw_data/dcase2023_t2/development/bearing/train/section_00_source_train_normal_0124_vel_9_loc_A.wav,9,A
0,source,train,normal,125,"['vel', '16', 'loc', 'C']",bearing,/DKUdata/2020/zhangyc/corpus/raw_data/dcase2023_t2/development/bearing/train/section_00_source_train_normal_0125_vel_16_loc_C.wav,16,C
0,source,train,normal,126,"['vel', '21', 'loc', 'A']",bearing,/DKUdata/2020/zhangyc/corpus/raw_data/dcase2023_t2/development/bearing/train/section_00_source_train_normal_0126_vel_21_loc_A.wav,21,A
0,source,train,normal,127,"['vel', '8', 'loc', 'A']",bearing,/DKUdata/2020/zhangyc/corpus/raw_data/dcase2023_t2/development/bearing/train/section_00_source_train_normal_0127_vel_8_loc_A.wav,8,A
0,source,train,normal,128,"['vel', '16', 'loc', 'B']",bearing,/DKUdata/2020/zhangyc/corpus/raw_data/dcase2023_t2/development/bearing/train/section_00_source_train_normal_0128_vel_16_loc_B.wav,16,B
0,source,train,normal,129,"['vel', '21', 'loc', 'A']",bearing,/DKUdata/2020/zhangyc/corpus/raw_data/dcase2023_t2/development/bearing/train/section_00_source_train_normal_0129_vel_21_loc_A.wav,21,A
0,source,train,normal,130,"['vel', '16', 'loc', 'A']",bearing,/DKUdata/2020/zhangyc/corpus/raw_data/dcase2023_t2/development/bearing/train/section_00_source_train_normal_0130_vel_16_loc_A.wav,16,A
0,source,train,normal,131,"['vel', '16', 'loc', 'D']",bearing,/DKUdata/2020/zhangyc/corpus/raw_data/dcase2023_t2/development/bearing/train/section_00_source_train_normal_0131_vel_16_loc_D.wav,16,D
0,source,train,normal,132,"['vel', '8', 'loc', 'D']",bearing,/DKUdata/2020/zhangyc/corpus/raw_data/dcase2023_t2/development/bearing/train/section_00_source_train_normal_0132_vel_8_loc_D.wav,8,D
0,source,train,normal,133,"['vel', '8', 'loc', 'B']",bearing,/DKUdata/2020/zhangyc/corpus/raw_data/dcase2023_t2/development/bearing/train/section_00_source_train_normal_0133_vel_8_loc_B.wav,8,B
0,source,train,normal,134,"['vel', '21', 'loc', 'A']",bearing,/DKUdata/2020/zhangyc/corpus/raw_data/dcase2023_t2/development/bearing/train/section_00_source_train_normal_0134_vel_21_loc_A.wav,21,A
0,source,train,normal,135,"['vel', '8', 'loc', 'C']",bearing,/DKUdata/2020/zhangyc/corpus/raw_data/dcase2023_t2/development/bearing/train/section_00_source_train_normal_0135_vel_8_loc_C.wav,8,C
0,source,train,normal,136,"['vel', '8', 'loc', 'D']",bearing,/DKUdata/2020/zhangyc/corpus/raw_data/dcase2023_t2/development/bearing/train/section_00_source_train_normal_0136_vel_8_loc_D.wav,8,D
0,source,train,normal,137,"['vel', '16', 'loc', 'A']",bearing,/DKUdata/2020/zhangyc/corpus/raw_data/dcase2023_t2/development/bearing/train/section_00_source_train_normal_0137_vel_16_loc_A.wav,16,A
0,source,train,normal,138,"['vel', '13', 'loc', 'A']",bearing,/DKUdata/2020/zhangyc/corpus/raw_data/dcase2023_t2/development/bearing/train/section_00_source_train_normal_0138_vel_13_loc_A.wav,13,A
0,source,train,normal,139,"['vel', '13', 'loc', 'A']",bearing,/DKUdata/2020/zhangyc/corpus/raw_data/dcase2023_t2/development/bearing/train/section_00_source_train_normal_0139_vel_13_loc_A.wav,13,A
0,source,train,normal,140,"['vel', '17', 'loc', 'A']",bearing,/DKUdata/2020/zhangyc/corpus/raw_data/dcase2023_t2/development/bearing/train/section_00_source_train_normal_0140_vel_17_loc_A.wav,17,A
0,source,train,normal,141,"['vel', '21', 'loc', 'A']",bearing,/DKUdata/2020/zhangyc/corpus/raw_data/dcase2023_t2/development/bearing/train/section_00_source_train_normal_0141_vel_21_loc_A.wav,21,A
0,source,train,normal,142,"['vel', '8', 'loc', 'A']",bearing,/DKUdata/2020/zhangyc/corpus/raw_data/dcase2023_t2/development/bearing/train/section_00_source_train_normal_0142_vel_8_loc_A.wav,8,A
0,source,train,normal,143,"['vel', '5', 'loc', 'A']",bearing,/DKUdata/2020/zhangyc/corpus/raw_data/dcase2023_t2/development/bearing/train/section_00_source_train_normal_0143_vel_5_loc_A.wav,5,A
0,source,train,normal,144,"['vel', '21', 'loc', 'A']",bearing,/DKUdata/2020/zhangyc/corpus/raw_data/dcase2023_t2/development/bearing/train/section_00_source_train_normal_0144_vel_21_loc_A.wav,21,A
0,source,train,normal,145,"['vel', '13', 'loc', 'A']",bearing,/DKUdata/2020/zhangyc/corpus/raw_data/dcase2023_t2/development/bearing/train/section_00_source_train_normal_0145_vel_13_loc_A.wav,13,A
0,source,train,normal,146,"['vel', '8', 'loc', 'C']",bearing,/DKUdata/2020/zhangyc/corpus/raw_data/dcase2023_t2/development/bearing/train/section_00_source_train_normal_0146_vel_8_loc_C.wav,8,C
0,source,train,normal,147,"['vel', '8', 'loc', 'D']",bearing,/DKUdata/2020/zhangyc/corpus/raw_data/dcase2023_t2/development/bearing/train/section_00_source_train_normal_0147_vel_8_loc_D.wav,8,D
0,source,train,normal,148,"['vel', '8', 'loc', 'A']",bearing,/DKUdata/2020/zhangyc/corpus/raw_data/dcase2023_t2/development/bearing/train/section_00_source_train_normal_0148_vel_8_loc_A.wav,8,A
0,source,train,normal,149,"['vel', '5', 'loc', 'A']",bearing,/DKUdata/2020/zhangyc/corpus/raw_data/dcase2023_t2/development/bearing/train/section_00_source_train_normal_0149_vel_5_loc_A.wav,5,A
0,source,train,normal,150,"['vel', '16', 'loc', 'D']",bearing,/DKUdata/2020/zhangyc/corpus/raw_data/dcase2023_t2/development/bearing/train/section_00_source_train_normal_0150_vel_16_loc_D.wav,16,D
0,source,train,normal,151,"['vel', '16', 'loc', 'A']",bearing,/DKUdata/2020/zhangyc/corpus/raw_data/dcase2023_t2/development/bearing/train/section_00_source_train_normal_0151_vel_16_loc_A.wav,16,A
0,source,train,normal,152,"['vel', '8', 'loc', 'C']",bearing,/DKUdata/2020/zhangyc/corpus/raw_data/dcase2023_t2/development/bearing/train/section_00_source_train_normal_0152_vel_8_loc_C.wav,8,C
0,source,train,normal,153,"['vel', '5', 'loc', 'A']",bearing,/DKUdata/2020/zhangyc/corpus/raw_data/dcase2023_t2/development/bearing/train/section_00_source_train_normal_0153_vel_5_loc_A.wav,5,A
0,source,train,normal,154,"['vel', '8', 'loc', 'C']",bearing,/DKUdata/2020/zhangyc/corpus/raw_data/dcase2023_t2/development/bearing/train/section_00_source_train_normal_0154_vel_8_loc_C.wav,8,C
0,source,train,normal,155,"['vel', '5', 'loc', 'A']",bearing,/DKUdata/2020/zhangyc/corpus/raw_data/dcase2023_t2/development/bearing/train/section_00_source_train_normal_0155_vel_5_loc_A.wav,5,A
0,source,train,normal,156,"['vel', '16', 'loc', 'D']",bearing,/DKUdata/2020/zhangyc/corpus/raw_data/dcase2023_t2/development/bearing/train/section_00_source_train_normal_0156_vel_16_loc_D.wav,16,D
0,source,train,normal,157,"['vel', '8', 'loc', 'B']",bearing,/DKUdata/2020/zhangyc/corpus/raw_data/dcase2023_t2/development/bearing/train/section_00_source_train_normal_0157_vel_8_loc_B.wav,8,B
0,source,train,normal,158,"['vel', '8', 'loc', 'A']",bearing,/DKUdata/2020/zhangyc/corpus/raw_data/dcase2023_t2/development/bearing/train/section_00_source_train_normal_0158_vel_8_loc_A.wav,8,A
0,source,train,normal,159,"['vel', '17', 'loc', 'A']",bearing,/DKUdata/2020/zhangyc/corpus/raw_data/dcase2023_t2/development/bearing/train/section_00_source_train_normal_0159_vel_17_loc_A.wav,17,A
0,source,train,normal,160,"['vel', '9', 'loc', 'A']",bearing,/DKUdata/2020/zhangyc/corpus/raw_data/dcase2023_t2/development/bearing/train/section_00_source_train_normal_0160_vel_9_loc_A.wav,9,A
0,source,train,normal,161,"['vel', '5', 'loc', 'A']",bearing,/DKUdata/2020/zhangyc/corpus/raw_data/dcase2023_t2/development/bearing/train/section_00_source_train_normal_0161_vel_5_loc_A.wav,5,A
0,source,train,normal,162,"['vel', '9', 'loc', 'A']",bearing,/DKUdata/2020/zhangyc/corpus/raw_data/dcase2023_t2/development/bearing/train/section_00_source_train_normal_0162_vel_9_loc_A.wav,9,A
0,source,train,normal,163,"['vel', '21', 'loc', 'A']",bearing,/DKUdata/2020/zhangyc/corpus/raw_data/dcase2023_t2/development/bearing/train/section_00_source_train_normal_0163_vel_21_loc_A.wav,21,A
0,source,train,normal,164,"['vel', '5', 'loc', 'A']",bearing,/DKUdata/2020/zhangyc/corpus/raw_data/dcase2023_t2/development/bearing/train/section_00_source_train_normal_0164_vel_5_loc_A.wav,5,A
0,source,train,normal,165,"['vel', '8', 'loc', 'A']",bearing,/DKUdata/2020/zhangyc/corpus/raw_data/dcase2023_t2/development/bearing/train/section_00_source_train_normal_0165_vel_8_loc_A.wav,8,A
0,source,train,normal,166,"['vel', '17', 'loc', 'A']",bearing,/DKUdata/2020/zhangyc/corpus/raw_data/dcase2023_t2/development/bearing/train/section_00_source_train_normal_0166_vel_17_loc_A.wav,17,A
0,source,train,normal,167,"['vel', '5', 'loc', 'A']",bearing,/DKUdata/2020/zhangyc/corpus/raw_data/dcase2023_t2/development/bearing/train/section_00_source_train_normal_0167_vel_5_loc_A.wav,5,A
0,source,train,normal,168,"['vel', '5', 'loc', 'A']",bearing,/DKUdata/2020/zhangyc/corpus/raw_data/dcase2023_t2/development/bearing/train/section_00_source_train_normal_0168_vel_5_loc_A.wav,5,A
0,source,train,normal,169,"['vel', '8', 'loc', 'D']",bearing,/DKUdata/2020/zhangyc/corpus/raw_data/dcase2023_t2/development/bearing/train/section_00_source_train_normal_0169_vel_8_loc_D.wav,8,D
0,source,train,normal,170,"['vel', '21', 'loc', 'A']",bearing,/DKUdata/2020/zhangyc/corpus/raw_data/dcase2023_t2/development/bearing/train/section_00_source_train_normal_0170_vel_21_loc_A.wav,21,A
0,source,train,normal,171,"['vel', '16', 'loc', 'A']",bearing,/DKUdata/2020/zhangyc/corpus/raw_data/dcase2023_t2/development/bearing/train/section_00_source_train_normal_0171_vel_16_loc_A.wav,16,A
0,source,train,normal,172,"['vel', '16', 'loc', 'C']",bearing,/DKUdata/2020/zhangyc/corpus/raw_data/dcase2023_t2/development/bearing/train/section_00_source_train_normal_0172_vel_16_loc_C.wav,16,C
0,source,train,normal,173,"['vel', '21', 'loc', 'A']",bearing,/DKUdata/2020/zhangyc/corpus/raw_data/dcase2023_t2/development/bearing/train/section_00_source_train_normal_0173_vel_21_loc_A.wav,21,A
0,source,train,normal,174,"['vel', '9', 'loc', 'A']",bearing,/DKUdata/2020/zhangyc/corpus/raw_data/dcase2023_t2/development/bearing/train/section_00_source_train_normal_0174_vel_9_loc_A.wav,9,A
0,source,train,normal,175,"['vel', '8', 'loc', 'C']",bearing,/DKUdata/2020/zhangyc/corpus/raw_data/dcase2023_t2/development/bearing/train/section_00_source_train_normal_0175_vel_8_loc_C.wav,8,C
0,source,train,normal,176,"['vel', '8', 'loc', 'C']",bearing,/DKUdata/2020/zhangyc/corpus/raw_data/dcase2023_t2/development/bearing/train/section_00_source_train_normal_0176_vel_8_loc_C.wav,8,C
0,source,train,normal,177,"['vel', '16', 'loc', 'C']",bearing,/DKUdata/2020/zhangyc/corpus/raw_data/dcase2023_t2/development/bearing/train/section_00_source_train_normal_0177_vel_16_loc_C.wav,16,C
0,source,train,normal,178,"['vel', '8', 'loc', 'C']",bearing,/DKUdata/2020/zhangyc/corpus/raw_data/dcase2023_t2/development/bearing/train/section_00_source_train_normal_0178_vel_8_loc_C.wav,8,C
0,source,train,normal,179,"['vel', '8', 'loc', 'A']",bearing,/DKUdata/2020/zhangyc/corpus/raw_data/dcase2023_t2/development/bearing/train/section_00_source_train_normal_0179_vel_8_loc_A.wav,8,A
0,source,train,normal,180,"['vel', '9', 'loc', 'A']",bearing,/DKUdata/2020/zhangyc/corpus/raw_data/dcase2023_t2/development/bearing/train/section_00_source_train_normal_0180_vel_9_loc_A.wav,9,A
0,source,train,normal,181,"['vel', '16', 'loc', 'D']",bearing,/DKUdata/2020/zhangyc/corpus/raw_data/dcase2023_t2/development/bearing/train/section_00_source_train_normal_0181_vel_16_loc_D.wav,16,D
0,source,train,normal,182,"['vel', '8', 'loc', 'D']",bearing,/DKUdata/2020/zhangyc/corpus/raw_data/dcase2023_t2/development/bearing/train/section_00_source_train_normal_0182_vel_8_loc_D.wav,8,D
0,source,train,normal,183,"['vel', '21', 'loc', 'A']",bearing,/DKUdata/2020/zhangyc/corpus/raw_data/dcase2023_t2/development/bearing/train/section_00_source_train_normal_0183_vel_21_loc_A.wav,21,A
0,source,train,normal,184,"['vel', '17', 'loc', 'A']",bearing,/DKUdata/2020/zhangyc/corpus/raw_data/dcase2023_t2/development/bearing/train/section_00_source_train_normal_0184_vel_17_loc_A.wav,17,A
0,source,train,normal,185,"['vel', '13', 'loc', 'A']",bearing,/DKUdata/2020/zhangyc/corpus/raw_data/dcase2023_t2/development/bearing/train/section_00_source_train_normal_0185_vel_13_loc_A.wav,13,A
0,source,train,normal,186,"['vel', '17', 'loc', 'A']",bearing,/DKUdata/2020/zhangyc/corpus/raw_data/dcase2023_t2/development/bearing/train/section_00_source_train_normal_0186_vel_17_loc_A.wav,17,A
0,source,train,normal,187,"['vel', '9', 'loc', 'A']",bearing,/DKUdata/2020/zhangyc/corpus/raw_data/dcase2023_t2/development/bearing/train/section_00_source_train_normal_0187_vel_9_loc_A.wav,9,A
0,source,train,normal,188,"['vel', '16', 'loc', 'B']",bearing,/DKUdata/2020/zhangyc/corpus/raw_data/dcase2023_t2/development/bearing/train/section_00_source_train_normal_0188_vel_16_loc_B.wav,16,B
0,source,train,normal,189,"['vel', '5', 'loc', 'A']",bearing,/DKUdata/2020/zhangyc/corpus/raw_data/dcase2023_t2/development/bearing/train/section_00_source_train_normal_0189_vel_5_loc_A.wav,5,A
0,source,train,normal,190,"['vel', '8', 'loc', 'B']",bearing,/DKUdata/2020/zhangyc/corpus/raw_data/dcase2023_t2/development/bearing/train/section_00_source_train_normal_0190_vel_8_loc_B.wav,8,B
0,source,train,normal,191,"['vel', '8', 'loc', 'D']",bearing,/DKUdata/2020/zhangyc/corpus/raw_data/dcase2023_t2/development/bearing/train/section_00_source_train_normal_0191_vel_8_loc_D.wav,8,D
0,source,train,normal,192,"['vel', '13', 'loc', 'A']",bearing,/DKUdata/2020/zhangyc/corpus/raw_data/dcase2023_t2/development/bearing/train/section_00_source_train_normal_0192_vel_13_loc_A.wav,13,A
0,source,train,normal,193,"['vel', '16', 'loc', 'A']",bearing,/DKUdata/2020/zhangyc/corpus/raw_data/dcase2023_t2/development/bearing/train/section_00_source_train_normal_0193_vel_16_loc_A.wav,16,A
0,source,train,normal,194,"['vel', '8', 'loc', 'A']",bearing,/DKUdata/2020/zhangyc/corpus/raw_data/dcase2023_t2/development/bearing/train/section_00_source_train_normal_0194_vel_8_loc_A.wav,8,A
0,source,train,normal,195,"['vel', '8', 'loc', 'C']",bearing,/DKUdata/2020/zhangyc/corpus/raw_data/dcase2023_t2/development/bearing/train/section_00_source_train_normal_0195_vel_8_loc_C.wav,8,C
0,source,train,normal,196,"['vel', '16', 'loc', 'C']",bearing,/DKUdata/2020/zhangyc/corpus/raw_data/dcase2023_t2/development/bearing/train/section_00_source_train_normal_0196_vel_16_loc_C.wav,16,C
0,source,train,normal,197,"['vel', '5', 'loc', 'A']",bearing,/DKUdata/2020/zhangyc/corpus/raw_data/dcase2023_t2/development/bearing/train/section_00_source_train_normal_0197_vel_5_loc_A.wav,5,A
0,source,train,normal,198,"['vel', '16', 'loc', 'D']",bearing,/DKUdata/2020/zhangyc/corpus/raw_data/dcase2023_t2/development/bearing/train/section_00_source_train_normal_0198_vel_16_loc_D.wav,16,D
0,source,train,normal,199,"['vel', '16', 'loc', 'A']",bearing,/DKUdata/2020/zhangyc/corpus/raw_data/dcase2023_t2/development/bearing/train/section_00_source_train_normal_0199_vel_16_loc_A.wav,16,A
0,source,train,normal,200,"['vel', '8', 'loc', 'D']",bearing,/DKUdata/2020/zhangyc/corpus/raw_data/dcase2023_t2/development/bearing/train/section_00_source_train_normal_0200_vel_8_loc_D.wav,8,D
0,source,train,normal,201,"['vel', '16', 'loc', 'C']",bearing,/DKUdata/2020/zhangyc/corpus/raw_data/dcase2023_t2/development/bearing/train/section_00_source_train_normal_0201_vel_16_loc_C.wav,16,C
0,source,train,normal,202,"['vel', '9', 'loc', 'A']",bearing,/DKUdata/2020/zhangyc/corpus/raw_data/dcase2023_t2/development/bearing/train/section_00_source_train_normal_0202_vel_9_loc_A.wav,9,A
0,source,train,normal,203,"['vel', '16', 'loc', 'C']",bearing,/DKUdata/2020/zhangyc/corpus/raw_data/dcase2023_t2/development/bearing/train/section_00_source_train_normal_0203_vel_16_loc_C.wav,16,C
0,source,train,normal,204,"['vel', '9', 'loc', 'A']",bearing,/DKUdata/2020/zhangyc/corpus/raw_data/dcase2023_t2/development/bearing/train/section_00_source_train_normal_0204_vel_9_loc_A.wav,9,A
0,source,train,normal,205,"['vel', '17', 'loc', 'A']",bearing,/DKUdata/2020/zhangyc/corpus/raw_data/dcase2023_t2/development/bearing/train/section_00_source_train_normal_0205_vel_17_loc_A.wav,17,A
0,source,train,normal,206,"['vel', '8', 'loc', 'A']",bearing,/DKUdata/2020/zhangyc/corpus/raw_data/dcase2023_t2/development/bearing/train/section_00_source_train_normal_0206_vel_8_loc_A.wav,8,A
0,source,train,normal,207,"['vel', '16', 'loc', 'D']",bearing,/DKUdata/2020/zhangyc/corpus/raw_data/dcase2023_t2/development/bearing/train/section_00_source_train_normal_0207_vel_16_loc_D.wav,16,D
0,source,train,normal,208,"['vel', '16', 'loc', 'B']",bearing,/DKUdata/2020/zhangyc/corpus/raw_data/dcase2023_t2/development/bearing/train/section_00_source_train_normal_0208_vel_16_loc_B.wav,16,B
0,source,train,normal,209,"['vel', '17', 'loc', 'A']",bearing,/DKUdata/2020/zhangyc/corpus/raw_data/dcase2023_t2/development/bearing/train/section_00_source_train_normal_0209_vel_17_loc_A.wav,17,A
0,source,train,normal,210,"['vel', '8', 'loc', 'B']",bearing,/DKUdata/2020/zhangyc/corpus/raw_data/dcase2023_t2/development/bearing/train/section_00_source_train_normal_0210_vel_8_loc_B.wav,8,B
0,source,train,normal,211,"['vel', '8', 'loc', 'B']",bearing,/DKUdata/2020/zhangyc/corpus/raw_data/dcase2023_t2/development/bearing/train/section_00_source_train_normal_0211_vel_8_loc_B.wav,8,B
0,source,train,normal,212,"['vel', '17', 'loc', 'A']",bearing,/DKUdata/2020/zhangyc/corpus/raw_data/dcase2023_t2/development/bearing/train/section_00_source_train_normal_0212_vel_17_loc_A.wav,17,A
0,source,train,normal,213,"['vel', '13', 'loc', 'A']",bearing,/DKUdata/2020/zhangyc/corpus/raw_data/dcase2023_t2/development/bearing/train/section_00_source_train_normal_0213_vel_13_loc_A.wav,13,A
0,source,train,normal,214,"['vel', '8', 'loc', 'C']",bearing,/DKUdata/2020/zhangyc/corpus/raw_data/dcase2023_t2/development/bearing/train/section_00_source_train_normal_0214_vel_8_loc_C.wav,8,C
0,source,train,normal,215,"['vel', '9', 'loc', 'A']",bearing,/DKUdata/2020/zhangyc/corpus/raw_data/dcase2023_t2/development/bearing/train/section_00_source_train_normal_0215_vel_9_loc_A.wav,9,A
0,source,train,normal,216,"['vel', '8', 'loc', 'C']",bearing,/DKUdata/2020/zhangyc/corpus/raw_data/dcase2023_t2/development/bearing/train/section_00_source_train_normal_0216_vel_8_loc_C.wav,8,C
0,source,train,normal,217,"['vel', '17', 'loc', 'A']",bearing,/DKUdata/2020/zhangyc/corpus/raw_data/dcase2023_t2/development/bearing/train/section_00_source_train_normal_0217_vel_17_loc_A.wav,17,A
0,source,train,normal,218,"['vel', '16', 'loc', 'C']",bearing,/DKUdata/2020/zhangyc/corpus/raw_data/dcase2023_t2/development/bearing/train/section_00_source_train_normal_0218_vel_16_loc_C.wav,16,C
0,source,train,normal,219,"['vel', '5', 'loc', 'A']",bearing,/DKUdata/2020/zhangyc/corpus/raw_data/dcase2023_t2/development/bearing/train/section_00_source_train_normal_0219_vel_5_loc_A.wav,5,A
0,source,train,normal,220,"['vel', '16', 'loc', 'A']",bearing,/DKUdata/2020/zhangyc/corpus/raw_data/dcase2023_t2/development/bearing/train/section_00_source_train_normal_0220_vel_16_loc_A.wav,16,A
0,source,train,normal,221,"['vel', '9', 'loc', 'A']",bearing,/DKUdata/2020/zhangyc/corpus/raw_data/dcase2023_t2/development/bearing/train/section_00_source_train_normal_0221_vel_9_loc_A.wav,9,A
0,source,train,normal,222,"['vel', '13', 'loc', 'A']",bearing,/DKUdata/2020/zhangyc/corpus/raw_data/dcase2023_t2/development/bearing/train/section_00_source_train_normal_0222_vel_13_loc_A.wav,13,A
0,source,train,normal,223,"['vel', '16', 'loc', 'D']",bearing,/DKUdata/2020/zhangyc/corpus/raw_data/dcase2023_t2/development/bearing/train/section_00_source_train_normal_0223_vel_16_loc_D.wav,16,D
0,source,train,normal,224,"['vel', '13', 'loc', 'A']",bearing,/DKUdata/2020/zhangyc/corpus/raw_data/dcase2023_t2/development/bearing/train/section_00_source_train_normal_0224_vel_13_loc_A.wav,13,A
0,source,train,normal,225,"['vel', '8', 'loc', 'A']",bearing,/DKUdata/2020/zhangyc/corpus/raw_data/dcase2023_t2/development/bearing/train/section_00_source_train_normal_0225_vel_8_loc_A.wav,8,A
0,source,train,normal,226,"['vel', '21', 'loc', 'A']",bearing,/DKUdata/2020/zhangyc/corpus/raw_data/dcase2023_t2/development/bearing/train/section_00_source_train_normal_0226_vel_21_loc_A.wav,21,A
0,source,train,normal,227,"['vel', '5', 'loc', 'A']",bearing,/DKUdata/2020/zhangyc/corpus/raw_data/dcase2023_t2/development/bearing/train/section_00_source_train_normal_0227_vel_5_loc_A.wav,5,A
0,source,train,normal,228,"['vel', '16', 'loc', 'A']",bearing,/DKUdata/2020/zhangyc/corpus/raw_data/dcase2023_t2/development/bearing/train/section_00_source_train_normal_0228_vel_16_loc_A.wav,16,A
0,source,train,normal,229,"['vel', '16', 'loc', 'C']",bearing,/DKUdata/2020/zhangyc/corpus/raw_data/dcase2023_t2/development/bearing/train/section_00_source_train_normal_0229_vel_16_loc_C.wav,16,C
0,source,train,normal,230,"['vel', '8', 'loc', 'B']",bearing,/DKUdata/2020/zhangyc/corpus/raw_data/dcase2023_t2/development/bearing/train/section_00_source_train_normal_0230_vel_8_loc_B.wav,8,B
0,source,train,normal,231,"['vel', '8', 'loc', 'C']",bearing,/DKUdata/2020/zhangyc/corpus/raw_data/dcase2023_t2/development/bearing/train/section_00_source_train_normal_0231_vel_8_loc_C.wav,8,C
0,source,train,normal,232,"['vel', '8', 'loc', 'B']",bearing,/DKUdata/2020/zhangyc/corpus/raw_data/dcase2023_t2/development/bearing/train/section_00_source_train_normal_0232_vel_8_loc_B.wav,8,B
0,source,train,normal,233,"['vel', '5', 'loc', 'A']",bearing,/DKUdata/2020/zhangyc/corpus/raw_data/dcase2023_t2/development/bearing/train/section_00_source_train_normal_0233_vel_5_loc_A.wav,5,A
0,source,train,normal,234,"['vel', '13', 'loc', 'A']",bearing,/DKUdata/2020/zhangyc/corpus/raw_data/dcase2023_t2/development/bearing/train/section_00_source_train_normal_0234_vel_13_loc_A.wav,13,A
0,source,train,normal,235,"['vel', '5', 'loc', 'A']",bearing,/DKUdata/2020/zhangyc/corpus/raw_data/dcase2023_t2/development/bearing/train/section_00_source_train_normal_0235_vel_5_loc_A.wav,5,A
0,source,train,normal,236,"['vel', '8', 'loc', 'C']",bearing,/DKUdata/2020/zhangyc/corpus/raw_data/dcase2023_t2/development/bearing/train/section_00_source_train_normal_0236_vel_8_loc_C.wav,8,C
0,source,train,normal,237,"['vel', '13', 'loc', 'A']",bearing,/DKUdata/2020/zhangyc/corpus/raw_data/dcase2023_t2/development/bearing/train/section_00_source_train_normal_0237_vel_13_loc_A.wav,13,A
0,source,train,normal,238,"['vel', '13', 'loc', 'A']",bearing,/DKUdata/2020/zhangyc/corpus/raw_data/dcase2023_t2/development/bearing/train/section_00_source_train_normal_0238_vel_13_loc_A.wav,13,A
0,source,train,normal,239,"['vel', '21', 'loc', 'A']",bearing,/DKUdata/2020/zhangyc/corpus/raw_data/dcase2023_t2/development/bearing/train/section_00_source_train_normal_0239_vel_21_loc_A.wav,21,A
0,source,train,normal,240,"['vel', '9', 'loc', 'A']",bearing,/DKUdata/2020/zhangyc/corpus/raw_data/dcase2023_t2/development/bearing/train/section_00_source_train_normal_0240_vel_9_loc_A.wav,9,A
0,source,train,normal,241,"['vel', '5', 'loc', 'A']",bearing,/DKUdata/2020/zhangyc/corpus/raw_data/dcase2023_t2/development/bearing/train/section_00_source_train_normal_0241_vel_5_loc_A.wav,5,A
0,source,train,normal,242,"['vel', '17', 'loc', 'A']",bearing,/DKUdata/2020/zhangyc/corpus/raw_data/dcase2023_t2/development/bearing/train/section_00_source_train_normal_0242_vel_17_loc_A.wav,17,A
0,source,train,normal,243,"['vel', '17', 'loc', 'A']",bearing,/DKUdata/2020/zhangyc/corpus/raw_data/dcase2023_t2/development/bearing/train/section_00_source_train_normal_0243_vel_17_loc_A.wav,17,A
0,source,train,normal,244,"['vel', '17', 'loc', 'A']",bearing,/DKUdata/2020/zhangyc/corpus/raw_data/dcase2023_t2/development/bearing/train/section_00_source_train_normal_0244_vel_17_loc_A.wav,17,A
0,source,train,normal,245,"['vel', '17', 'loc', 'A']",bearing,/DKUdata/2020/zhangyc/corpus/raw_data/dcase2023_t2/development/bearing/train/section_00_source_train_normal_0245_vel_17_loc_A.wav,17,A
0,source,train,normal,246,"['vel', '16', 'loc', 'A']",bearing,/DKUdata/2020/zhangyc/corpus/raw_data/dcase2023_t2/development/bearing/train/section_00_source_train_normal_0246_vel_16_loc_A.wav,16,A
0,source,train,normal,247,"['vel', '8', 'loc', 'A']",bearing,/DKUdata/2020/zhangyc/corpus/raw_data/dcase2023_t2/development/bearing/train/section_00_source_train_normal_0247_vel_8_loc_A.wav,8,A
0,source,train,normal,248,"['vel', '13', 'loc', 'A']",bearing,/DKUdata/2020/zhangyc/corpus/raw_data/dcase2023_t2/development/bearing/train/section_00_source_train_normal_0248_vel_13_loc_A.wav,13,A
0,source,train,normal,249,"['vel', '8', 'loc', 'B']",bearing,/DKUdata/2020/zhangyc/corpus/raw_data/dcase2023_t2/development/bearing/train/section_00_source_train_normal_0249_vel_8_loc_B.wav,8,B
0,source,train,normal,250,"['vel', '13', 'loc', 'A']",bearing,/DKUdata/2020/zhangyc/corpus/raw_data/dcase2023_t2/development/bearing/train/section_00_source_train_normal_0250_vel_13_loc_A.wav,13,A
0,source,train,normal,251,"['vel', '8', 'loc', 'C']",bearing,/DKUdata/2020/zhangyc/corpus/raw_data/dcase2023_t2/development/bearing/train/section_00_source_train_normal_0251_vel_8_loc_C.wav,8,C
0,source,train,normal,252,"['vel', '9', 'loc', 'A']",bearing,/DKUdata/2020/zhangyc/corpus/raw_data/dcase2023_t2/development/bearing/train/section_00_source_train_normal_0252_vel_9_loc_A.wav,9,A
0,source,train,normal,253,"['vel', '9', 'loc', 'A']",bearing,/DKUdata/2020/zhangyc/corpus/raw_data/dcase2023_t2/development/bearing/train/section_00_source_train_normal_0253_vel_9_loc_A.wav,9,A
0,source,train,normal,254,"['vel', '8', 'loc', 'B']",bearing,/DKUdata/2020/zhangyc/corpus/raw_data/dcase2023_t2/development/bearing/train/section_00_source_train_normal_0254_vel_8_loc_B.wav,8,B
0,source,train,normal,255,"['vel', '16', 'loc', 'A']",bearing,/DKUdata/2020/zhangyc/corpus/raw_data/dcase2023_t2/development/bearing/train/section_00_source_train_normal_0255_vel_16_loc_A.wav,16,A
0,source,train,normal,256,"['vel', '17', 'loc', 'A']",bearing,/DKUdata/2020/zhangyc/corpus/raw_data/dcase2023_t2/development/bearing/train/section_00_source_train_normal_0256_vel_17_loc_A.wav,17,A
0,source,train,normal,257,"['vel', '13', 'loc', 'A']",bearing,/DKUdata/2020/zhangyc/corpus/raw_data/dcase2023_t2/development/bearing/train/section_00_source_train_normal_0257_vel_13_loc_A.wav,13,A
0,source,train,normal,258,"['vel', '9', 'loc', 'A']",bearing,/DKUdata/2020/zhangyc/corpus/raw_data/dcase2023_t2/development/bearing/train/section_00_source_train_normal_0258_vel_9_loc_A.wav,9,A
0,source,train,normal,259,"['vel', '16', 'loc', 'A']",bearing,/DKUdata/2020/zhangyc/corpus/raw_data/dcase2023_t2/development/bearing/train/section_00_source_train_normal_0259_vel_16_loc_A.wav,16,A
0,source,train,normal,260,"['vel', '16', 'loc', 'D']",bearing,/DKUdata/2020/zhangyc/corpus/raw_data/dcase2023_t2/development/bearing/train/section_00_source_train_normal_0260_vel_16_loc_D.wav,16,D
0,source,train,normal,261,"['vel', '8', 'loc', 'A']",bearing,/DKUdata/2020/zhangyc/corpus/raw_data/dcase2023_t2/development/bearing/train/section_00_source_train_normal_0261_vel_8_loc_A.wav,8,A
0,source,train,normal,262,"['vel', '5', 'loc', 'A']",bearing,/DKUdata/2020/zhangyc/corpus/raw_data/dcase2023_t2/development/bearing/train/section_00_source_train_normal_0262_vel_5_loc_A.wav,5,A
0,source,train,normal,263,"['vel', '5', 'loc', 'A']",bearing,/DKUdata/2020/zhangyc/corpus/raw_data/dcase2023_t2/development/bearing/train/section_00_source_train_normal_0263_vel_5_loc_A.wav,5,A
0,source,train,normal,264,"['vel', '16', 'loc', 'D']",bearing,/DKUdata/2020/zhangyc/corpus/raw_data/dcase2023_t2/development/bearing/train/section_00_source_train_normal_0264_vel_16_loc_D.wav,16,D
0,source,train,normal,265,"['vel', '16', 'loc', 'D']",bearing,/DKUdata/2020/zhangyc/corpus/raw_data/dcase2023_t2/development/bearing/train/section_00_source_train_normal_0265_vel_16_loc_D.wav,16,D
0,source,train,normal,266,"['vel', '21', 'loc', 'A']",bearing,/DKUdata/2020/zhangyc/corpus/raw_data/dcase2023_t2/development/bearing/train/section_00_source_train_normal_0266_vel_21_loc_A.wav,21,A
0,source,train,normal,267,"['vel', '16', 'loc', 'B']",bearing,/DKUdata/2020/zhangyc/corpus/raw_data/dcase2023_t2/development/bearing/train/section_00_source_train_normal_0267_vel_16_loc_B.wav,16,B
0,source,train,normal,268,"['vel', '21', 'loc', 'A']",bearing,/DKUdata/2020/zhangyc/corpus/raw_data/dcase2023_t2/development/bearing/train/section_00_source_train_normal_0268_vel_21_loc_A.wav,21,A
0,source,train,normal,269,"['vel', '13', 'loc', 'A']",bearing,/DKUdata/2020/zhangyc/corpus/raw_data/dcase2023_t2/development/bearing/train/section_00_source_train_normal_0269_vel_13_loc_A.wav,13,A
0,source,train,normal,270,"['vel', '21', 'loc', 'A']",bearing,/DKUdata/2020/zhangyc/corpus/raw_data/dcase2023_t2/development/bearing/train/section_00_source_train_normal_0270_vel_21_loc_A.wav,21,A
0,source,train,normal,271,"['vel', '16', 'loc', 'B']",bearing,/DKUdata/2020/zhangyc/corpus/raw_data/dcase2023_t2/development/bearing/train/section_00_source_train_normal_0271_vel_16_loc_B.wav,16,B
0,source,train,normal,272,"['vel', '8', 'loc', 'A']",bearing,/DKUdata/2020/zhangyc/corpus/raw_data/dcase2023_t2/development/bearing/train/section_00_source_train_normal_0272_vel_8_loc_A.wav,8,A
0,source,train,normal,273,"['vel', '16', 'loc', 'A']",bearing,/DKUdata/2020/zhangyc/corpus/raw_data/dcase2023_t2/development/bearing/train/section_00_source_train_normal_0273_vel_16_loc_A.wav,16,A
0,source,train,normal,274,"['vel', '5', 'loc', 'A']",bearing,/DKUdata/2020/zhangyc/corpus/raw_data/dcase2023_t2/development/bearing/train/section_00_source_train_normal_0274_vel_5_loc_A.wav,5,A
0,source,train,normal,275,"['vel', '21', 'loc', 'A']",bearing,/DKUdata/2020/zhangyc/corpus/raw_data/dcase2023_t2/development/bearing/train/section_00_source_train_normal_0275_vel_21_loc_A.wav,21,A
0,source,train,normal,276,"['vel', '8', 'loc', 'C']",bearing,/DKUdata/2020/zhangyc/corpus/raw_data/dcase2023_t2/development/bearing/train/section_00_source_train_normal_0276_vel_8_loc_C.wav,8,C
0,source,train,normal,277,"['vel', '5', 'loc', 'A']",bearing,/DKUdata/2020/zhangyc/corpus/raw_data/dcase2023_t2/development/bearing/train/section_00_source_train_normal_0277_vel_5_loc_A.wav,5,A
0,source,train,normal,278,"['vel', '17', 'loc', 'A']",bearing,/DKUdata/2020/zhangyc/corpus/raw_data/dcase2023_t2/development/bearing/train/section_00_source_train_normal_0278_vel_17_loc_A.wav,17,A
0,source,train,normal,279,"['vel', '16', 'loc', 'A']",bearing,/DKUdata/2020/zhangyc/corpus/raw_data/dcase2023_t2/development/bearing/train/section_00_source_train_normal_0279_vel_16_loc_A.wav,16,A
0,source,train,normal,280,"['vel', '5', 'loc', 'A']",bearing,/DKUdata/2020/zhangyc/corpus/raw_data/dcase2023_t2/development/bearing/train/section_00_source_train_normal_0280_vel_5_loc_A.wav,5,A
0,source,train,normal,281,"['vel', '16', 'loc', 'D']",bearing,/DKUdata/2020/zhangyc/corpus/raw_data/dcase2023_t2/development/bearing/train/section_00_source_train_normal_0281_vel_16_loc_D.wav,16,D
0,source,train,normal,282,"['vel', '16', 'loc', 'B']",bearing,/DKUdata/2020/zhangyc/corpus/raw_data/dcase2023_t2/development/bearing/train/section_00_source_train_normal_0282_vel_16_loc_B.wav,16,B
0,source,train,normal,283,"['vel', '16', 'loc', 'B']",bearing,/DKUdata/2020/zhangyc/corpus/raw_data/dcase2023_t2/development/bearing/train/section_00_source_train_normal_0283_vel_16_loc_B.wav,16,B
0,source,train,normal,284,"['vel', '21', 'loc', 'A']",bearing,/DKUdata/2020/zhangyc/corpus/raw_data/dcase2023_t2/development/bearing/train/section_00_source_train_normal_0284_vel_21_loc_A.wav,21,A
0,source,train,normal,285,"['vel', '16', 'loc', 'D']",bearing,/DKUdata/2020/zhangyc/corpus/raw_data/dcase2023_t2/development/bearing/train/section_00_source_train_normal_0285_vel_16_loc_D.wav,16,D
0,source,train,normal,286,"['vel', '13', 'loc', 'A']",bearing,/DKUdata/2020/zhangyc/corpus/raw_data/dcase2023_t2/development/bearing/train/section_00_source_train_normal_0286_vel_13_loc_A.wav,13,A
0,source,train,normal,287,"['vel', '13', 'loc', 'A']",bearing,/DKUdata/2020/zhangyc/corpus/raw_data/dcase2023_t2/development/bearing/train/section_00_source_train_normal_0287_vel_13_loc_A.wav,13,A
0,source,train,normal,288,"['vel', '16', 'loc', 'D']",bearing,/DKUdata/2020/zhangyc/corpus/raw_data/dcase2023_t2/development/bearing/train/section_00_source_train_normal_0288_vel_16_loc_D.wav,16,D
0,source,train,normal,289,"['vel', '8', 'loc', 'B']",bearing,/DKUdata/2020/zhangyc/corpus/raw_data/dcase2023_t2/development/bearing/train/section_00_source_train_normal_0289_vel_8_loc_B.wav,8,B
0,source,train,normal,290,"['vel', '16', 'loc', 'D']",bearing,/DKUdata/2020/zhangyc/corpus/raw_data/dcase2023_t2/development/bearing/train/section_00_source_train_normal_0290_vel_16_loc_D.wav,16,D
0,source,train,normal,291,"['vel', '16', 'loc', 'D']",bearing,/DKUdata/2020/zhangyc/corpus/raw_data/dcase2023_t2/development/bearing/train/section_00_source_train_normal_0291_vel_16_loc_D.wav,16,D
0,source,train,normal,292,"['vel', '21', 'loc', 'A']",bearing,/DKUdata/2020/zhangyc/corpus/raw_data/dcase2023_t2/development/bearing/train/section_00_source_train_normal_0292_vel_21_loc_A.wav,21,A
0,source,train,normal,293,"['vel', '16', 'loc', 'C']",bearing,/DKUdata/2020/zhangyc/corpus/raw_data/dcase2023_t2/development/bearing/train/section_00_source_train_normal_0293_vel_16_loc_C.wav,16,C
0,source,train,normal,294,"['vel', '21', 'loc', 'A']",bearing,/DKUdata/2020/zhangyc/corpus/raw_data/dcase2023_t2/development/bearing/train/section_00_source_train_normal_0294_vel_21_loc_A.wav,21,A
0,source,train,normal,295,"['vel', '21', 'loc', 'A']",bearing,/DKUdata/2020/zhangyc/corpus/raw_data/dcase2023_t2/development/bearing/train/section_00_source_train_normal_0295_vel_21_loc_A.wav,21,A
0,source,train,normal,296,"['vel', '5', 'loc', 'A']",bearing,/DKUdata/2020/zhangyc/corpus/raw_data/dcase2023_t2/development/bearing/train/section_00_source_train_normal_0296_vel_5_loc_A.wav,5,A
0,source,train,normal,297,"['vel', '8', 'loc', 'D']",bearing,/DKUdata/2020/zhangyc/corpus/raw_data/dcase2023_t2/development/bearing/train/section_00_source_train_normal_0297_vel_8_loc_D.wav,8,D
0,source,train,normal,298,"['vel', '9', 'loc', 'A']",bearing,/DKUdata/2020/zhangyc/corpus/raw_data/dcase2023_t2/development/bearing/train/section_00_source_train_normal_0298_vel_9_loc_A.wav,9,A
0,source,train,normal,299,"['vel', '8', 'loc', 'D']",bearing,/DKUdata/2020/zhangyc/corpus/raw_data/dcase2023_t2/development/bearing/train/section_00_source_train_normal_0299_vel_8_loc_D.wav,8,D
0,source,train,normal,300,"['vel', '17', 'loc', 'A']",bearing,/DKUdata/2020/zhangyc/corpus/raw_data/dcase2023_t2/development/bearing/train/section_00_source_train_normal_0300_vel_17_loc_A.wav,17,A
0,source,train,normal,301,"['vel', '16', 'loc', 'B']",bearing,/DKUdata/2020/zhangyc/corpus/raw_data/dcase2023_t2/development/bearing/train/section_00_source_train_normal_0301_vel_16_loc_B.wav,16,B
0,source,train,normal,302,"['vel', '16', 'loc', 'C']",bearing,/DKUdata/2020/zhangyc/corpus/raw_data/dcase2023_t2/development/bearing/train/section_00_source_train_normal_0302_vel_16_loc_C.wav,16,C
0,source,train,normal,303,"['vel', '5', 'loc', 'A']",bearing,/DKUdata/2020/zhangyc/corpus/raw_data/dcase2023_t2/development/bearing/train/section_00_source_train_normal_0303_vel_5_loc_A.wav,5,A
0,source,train,normal,304,"['vel', '8', 'loc', 'C']",bearing,/DKUdata/2020/zhangyc/corpus/raw_data/dcase2023_t2/development/bearing/train/section_00_source_train_normal_0304_vel_8_loc_C.wav,8,C
0,source,train,normal,305,"['vel', '16', 'loc', 'D']",bearing,/DKUdata/2020/zhangyc/corpus/raw_data/dcase2023_t2/development/bearing/train/section_00_source_train_normal_0305_vel_16_loc_D.wav,16,D
0,source,train,normal,306,"['vel', '8', 'loc', 'C']",bearing,/DKUdata/2020/zhangyc/corpus/raw_data/dcase2023_t2/development/bearing/train/section_00_source_train_normal_0306_vel_8_loc_C.wav,8,C
0,source,train,normal,307,"['vel', '8', 'loc', 'C']",bearing,/DKUdata/2020/zhangyc/corpus/raw_data/dcase2023_t2/development/bearing/train/section_00_source_train_normal_0307_vel_8_loc_C.wav,8,C
0,source,train,normal,308,"['vel', '8', 'loc', 'A']",bearing,/DKUdata/2020/zhangyc/corpus/raw_data/dcase2023_t2/development/bearing/train/section_00_source_train_normal_0308_vel_8_loc_A.wav,8,A
0,source,train,normal,309,"['vel', '9', 'loc', 'A']",bearing,/DKUdata/2020/zhangyc/corpus/raw_data/dcase2023_t2/development/bearing/train/section_00_source_train_normal_0309_vel_9_loc_A.wav,9,A
0,source,train,normal,310,"['vel', '5', 'loc', 'A']",bearing,/DKUdata/2020/zhangyc/corpus/raw_data/dcase2023_t2/development/bearing/train/section_00_source_train_normal_0310_vel_5_loc_A.wav,5,A
0,source,train,normal,311,"['vel', '21', 'loc', 'A']",bearing,/DKUdata/2020/zhangyc/corpus/raw_data/dcase2023_t2/development/bearing/train/section_00_source_train_normal_0311_vel_21_loc_A.wav,21,A
0,source,train,normal,312,"['vel', '16', 'loc', 'B']",bearing,/DKUdata/2020/zhangyc/corpus/raw_data/dcase2023_t2/development/bearing/train/section_00_source_train_normal_0312_vel_16_loc_B.wav,16,B
0,source,train,normal,313,"['vel', '17', 'loc', 'A']",bearing,/DKUdata/2020/zhangyc/corpus/raw_data/dcase2023_t2/development/bearing/train/section_00_source_train_normal_0313_vel_17_loc_A.wav,17,A
0,source,train,normal,314,"['vel', '21', 'loc', 'A']",bearing,/DKUdata/2020/zhangyc/corpus/raw_data/dcase2023_t2/development/bearing/train/section_00_source_train_normal_0314_vel_21_loc_A.wav,21,A
0,source,train,normal,315,"['vel', '16', 'loc', 'C']",bearing,/DKUdata/2020/zhangyc/corpus/raw_data/dcase2023_t2/development/bearing/train/section_00_source_train_normal_0315_vel_16_loc_C.wav,16,C
0,source,train,normal,316,"['vel', '13', 'loc', 'A']",bearing,/DKUdata/2020/zhangyc/corpus/raw_data/dcase2023_t2/development/bearing/train/section_00_source_train_normal_0316_vel_13_loc_A.wav,13,A
0,source,train,normal,317,"['vel', '8', 'loc', 'B']",bearing,/DKUdata/2020/zhangyc/corpus/raw_data/dcase2023_t2/development/bearing/train/section_00_source_train_normal_0317_vel_8_loc_B.wav,8,B
0,source,train,normal,318,"['vel', '16', 'loc', 'B']",bearing,/DKUdata/2020/zhangyc/corpus/raw_data/dcase2023_t2/development/bearing/train/section_00_source_train_normal_0318_vel_16_loc_B.wav,16,B
0,source,train,normal,319,"['vel', '17', 'loc', 'A']",bearing,/DKUdata/2020/zhangyc/corpus/raw_data/dcase2023_t2/development/bearing/train/section_00_source_train_normal_0319_vel_17_loc_A.wav,17,A
0,source,train,normal,320,"['vel', '21', 'loc', 'A']",bearing,/DKUdata/2020/zhangyc/corpus/raw_data/dcase2023_t2/development/bearing/train/section_00_source_train_normal_0320_vel_21_loc_A.wav,21,A
0,source,train,normal,321,"['vel', '8', 'loc', 'A']",bearing,/DKUdata/2020/zhangyc/corpus/raw_data/dcase2023_t2/development/bearing/train/section_00_source_train_normal_0321_vel_8_loc_A.wav,8,A
0,source,train,normal,322,"['vel', '8', 'loc', 'C']",bearing,/DKUdata/2020/zhangyc/corpus/raw_data/dcase2023_t2/development/bearing/train/section_00_source_train_normal_0322_vel_8_loc_C.wav,8,C
0,source,train,normal,323,"['vel', '5', 'loc', 'A']",bearing,/DKUdata/2020/zhangyc/corpus/raw_data/dcase2023_t2/development/bearing/train/section_00_source_train_normal_0323_vel_5_loc_A.wav,5,A
0,source,train,normal,324,"['vel', '9', 'loc', 'A']",bearing,/DKUdata/2020/zhangyc/corpus/raw_data/dcase2023_t2/development/bearing/train/section_00_source_train_normal_0324_vel_9_loc_A.wav,9,A
0,source,train,normal,325,"['vel', '8', 'loc', 'C']",bearing,/DKUdata/2020/zhangyc/corpus/raw_data/dcase2023_t2/development/bearing/train/section_00_source_train_normal_0325_vel_8_loc_C.wav,8,C
0,source,train,normal,326,"['vel', '21', 'loc', 'A']",bearing,/DKUdata/2020/zhangyc/corpus/raw_data/dcase2023_t2/development/bearing/train/section_00_source_train_normal_0326_vel_21_loc_A.wav,21,A
0,source,train,normal,327,"['vel', '17', 'loc', 'A']",bearing,/DKUdata/2020/zhangyc/corpus/raw_data/dcase2023_t2/development/bearing/train/section_00_source_train_normal_0327_vel_17_loc_A.wav,17,A
0,source,train,normal,328,"['vel', '8', 'loc', 'D']",bearing,/DKUdata/2020/zhangyc/corpus/raw_data/dcase2023_t2/development/bearing/train/section_00_source_train_normal_0328_vel_8_loc_D.wav,8,D
0,source,train,normal,329,"['vel', '5', 'loc', 'A']",bearing,/DKUdata/2020/zhangyc/corpus/raw_data/dcase2023_t2/development/bearing/train/section_00_source_train_normal_0329_vel_5_loc_A.wav,5,A
0,source,train,normal,330,"['vel', '17', 'loc', 'A']",bearing,/DKUdata/2020/zhangyc/corpus/raw_data/dcase2023_t2/development/bearing/train/section_00_source_train_normal_0330_vel_17_loc_A.wav,17,A
0,source,train,normal,331,"['vel', '21', 'loc', 'A']",bearing,/DKUdata/2020/zhangyc/corpus/raw_data/dcase2023_t2/development/bearing/train/section_00_source_train_normal_0331_vel_21_loc_A.wav,21,A
0,source,train,normal,332,"['vel', '16', 'loc', 'D']",bearing,/DKUdata/2020/zhangyc/corpus/raw_data/dcase2023_t2/development/bearing/train/section_00_source_train_normal_0332_vel_16_loc_D.wav,16,D
0,source,train,normal,333,"['vel', '9', 'loc', 'A']",bearing,/DKUdata/2020/zhangyc/corpus/raw_data/dcase2023_t2/development/bearing/train/section_00_source_train_normal_0333_vel_9_loc_A.wav,9,A
0,source,train,normal,334,"['vel', '16', 'loc', 'A']",bearing,/DKUdata/2020/zhangyc/corpus/raw_data/dcase2023_t2/development/bearing/train/section_00_source_train_normal_0334_vel_16_loc_A.wav,16,A
0,source,train,normal,335,"['vel', '8', 'loc', 'A']",bearing,/DKUdata/2020/zhangyc/corpus/raw_data/dcase2023_t2/development/bearing/train/section_00_source_train_normal_0335_vel_8_loc_A.wav,8,A
0,source,train,normal,336,"['vel', '16', 'loc', 'B']",bearing,/DKUdata/2020/zhangyc/corpus/raw_data/dcase2023_t2/development/bearing/train/section_00_source_train_normal_0336_vel_16_loc_B.wav,16,B
0,source,train,normal,337,"['vel', '17', 'loc', 'A']",bearing,/DKUdata/2020/zhangyc/corpus/raw_data/dcase2023_t2/development/bearing/train/section_00_source_train_normal_0337_vel_17_loc_A.wav,17,A
0,source,train,normal,338,"['vel', '16', 'loc', 'B']",bearing,/DKUdata/2020/zhangyc/corpus/raw_data/dcase2023_t2/development/bearing/train/section_00_source_train_normal_0338_vel_16_loc_B.wav,16,B
0,source,train,normal,339,"['vel', '9', 'loc', 'A']",bearing,/DKUdata/2020/zhangyc/corpus/raw_data/dcase2023_t2/development/bearing/train/section_00_source_train_normal_0339_vel_9_loc_A.wav,9,A
0,source,train,normal,340,"['vel', '9', 'loc', 'A']",bearing,/DKUdata/2020/zhangyc/corpus/raw_data/dcase2023_t2/development/bearing/train/section_00_source_train_normal_0340_vel_9_loc_A.wav,9,A
0,source,train,normal,341,"['vel', '9', 'loc', 'A']",bearing,/DKUdata/2020/zhangyc/corpus/raw_data/dcase2023_t2/development/bearing/train/section_00_source_train_normal_0341_vel_9_loc_A.wav,9,A
0,source,train,normal,342,"['vel', '5', 'loc', 'A']",bearing,/DKUdata/2020/zhangyc/corpus/raw_data/dcase2023_t2/development/bearing/train/section_00_source_train_normal_0342_vel_5_loc_A.wav,5,A
0,source,train,normal,343,"['vel', '16', 'loc', 'D']",bearing,/DKUdata/2020/zhangyc/corpus/raw_data/dcase2023_t2/development/bearing/train/section_00_source_train_normal_0343_vel_16_loc_D.wav,16,D
0,source,train,normal,344,"['vel', '16', 'loc', 'D']",bearing,/DKUdata/2020/zhangyc/corpus/raw_data/dcase2023_t2/development/bearing/train/section_00_source_train_normal_0344_vel_16_loc_D.wav,16,D
0,source,train,normal,345,"['vel', '9', 'loc', 'A']",bearing,/DKUdata/2020/zhangyc/corpus/raw_data/dcase2023_t2/development/bearing/train/section_00_source_train_normal_0345_vel_9_loc_A.wav,9,A
0,source,train,normal,346,"['vel', '16', 'loc', 'B']",bearing,/DKUdata/2020/zhangyc/corpus/raw_data/dcase2023_t2/development/bearing/train/section_00_source_train_normal_0346_vel_16_loc_B.wav,16,B
0,source,train,normal,347,"['vel', '17', 'loc', 'A']",bearing,/DKUdata/2020/zhangyc/corpus/raw_data/dcase2023_t2/development/bearing/train/section_00_source_train_normal_0347_vel_17_loc_A.wav,17,A
0,source,train,normal,348,"['vel', '9', 'loc', 'A']",bearing,/DKUdata/2020/zhangyc/corpus/raw_data/dcase2023_t2/development/bearing/train/section_00_source_train_normal_0348_vel_9_loc_A.wav,9,A
0,source,train,normal,349,"['vel', '5', 'loc', 'A']",bearing,/DKUdata/2020/zhangyc/corpus/raw_data/dcase2023_t2/development/bearing/train/section_00_source_train_normal_0349_vel_5_loc_A.wav,5,A
0,source,train,normal,350,"['vel', '8', 'loc', 'B']",bearing,/DKUdata/2020/zhangyc/corpus/raw_data/dcase2023_t2/development/bearing/train/section_00_source_train_normal_0350_vel_8_loc_B.wav,8,B
0,source,train,normal,351,"['vel', '17', 'loc', 'A']",bearing,/DKUdata/2020/zhangyc/corpus/raw_data/dcase2023_t2/development/bearing/train/section_00_source_train_normal_0351_vel_17_loc_A.wav,17,A
0,source,train,normal,352,"['vel', '5', 'loc', 'A']",bearing,/DKUdata/2020/zhangyc/corpus/raw_data/dcase2023_t2/development/bearing/train/section_00_source_train_normal_0352_vel_5_loc_A.wav,5,A
0,source,train,normal,353,"['vel', '5', 'loc', 'A']",bearing,/DKUdata/2020/zhangyc/corpus/raw_data/dcase2023_t2/development/bearing/train/section_00_source_train_normal_0353_vel_5_loc_A.wav,5,A
0,source,train,normal,354,"['vel', '13', 'loc', 'A']",bearing,/DKUdata/2020/zhangyc/corpus/raw_data/dcase2023_t2/development/bearing/train/section_00_source_train_normal_0354_vel_13_loc_A.wav,13,A
0,source,train,normal,355,"['vel', '17', 'loc', 'A']",bearing,/DKUdata/2020/zhangyc/corpus/raw_data/dcase2023_t2/development/bearing/train/section_00_source_train_normal_0355_vel_17_loc_A.wav,17,A
0,source,train,normal,356,"['vel', '17', 'loc', 'A']",bearing,/DKUdata/2020/zhangyc/corpus/raw_data/dcase2023_t2/development/bearing/train/section_00_source_train_normal_0356_vel_17_loc_A.wav,17,A
0,source,train,normal,357,"['vel', '8', 'loc', 'A']",bearing,/DKUdata/2020/zhangyc/corpus/raw_data/dcase2023_t2/development/bearing/train/section_00_source_train_normal_0357_vel_8_loc_A.wav,8,A
0,source,train,normal,358,"['vel', '21', 'loc', 'A']",bearing,/DKUdata/2020/zhangyc/corpus/raw_data/dcase2023_t2/development/bearing/train/section_00_source_train_normal_0358_vel_21_loc_A.wav,21,A
0,source,train,normal,359,"['vel', '8', 'loc', 'C']",bearing,/DKUdata/2020/zhangyc/corpus/raw_data/dcase2023_t2/development/bearing/train/section_00_source_train_normal_0359_vel_8_loc_C.wav,8,C
0,source,train,normal,360,"['vel', '21', 'loc', 'A']",bearing,/DKUdata/2020/zhangyc/corpus/raw_data/dcase2023_t2/development/bearing/train/section_00_source_train_normal_0360_vel_21_loc_A.wav,21,A
0,source,train,normal,361,"['vel', '9', 'loc', 'A']",bearing,/DKUdata/2020/zhangyc/corpus/raw_data/dcase2023_t2/development/bearing/train/section_00_source_train_normal_0361_vel_9_loc_A.wav,9,A
0,source,train,normal,362,"['vel', '17', 'loc', 'A']",bearing,/DKUdata/2020/zhangyc/corpus/raw_data/dcase2023_t2/development/bearing/train/section_00_source_train_normal_0362_vel_17_loc_A.wav,17,A
0,source,train,normal,363,"['vel', '8', 'loc', 'D']",bearing,/DKUdata/2020/zhangyc/corpus/raw_data/dcase2023_t2/development/bearing/train/section_00_source_train_normal_0363_vel_8_loc_D.wav,8,D
0,source,train,normal,364,"['vel', '13', 'loc', 'A']",bearing,/DKUdata/2020/zhangyc/corpus/raw_data/dcase2023_t2/development/bearing/train/section_00_source_train_normal_0364_vel_13_loc_A.wav,13,A
0,source,train,normal,365,"['vel', '17', 'loc', 'A']",bearing,/DKUdata/2020/zhangyc/corpus/raw_data/dcase2023_t2/development/bearing/train/section_00_source_train_normal_0365_vel_17_loc_A.wav,17,A
0,source,train,normal,366,"['vel', '16', 'loc', 'D']",bearing,/DKUdata/2020/zhangyc/corpus/raw_data/dcase2023_t2/development/bearing/train/section_00_source_train_normal_0366_vel_16_loc_D.wav,16,D
0,source,train,normal,367,"['vel', '16', 'loc', 'B']",bearing,/DKUdata/2020/zhangyc/corpus/raw_data/dcase2023_t2/development/bearing/train/section_00_source_train_normal_0367_vel_16_loc_B.wav,16,B
0,source,train,normal,368,"['vel', '16', 'loc', 'A']",bearing,/DKUdata/2020/zhangyc/corpus/raw_data/dcase2023_t2/development/bearing/train/section_00_source_train_normal_0368_vel_16_loc_A.wav,16,A
0,source,train,normal,369,"['vel', '8', 'loc', 'B']",bearing,/DKUdata/2020/zhangyc/corpus/raw_data/dcase2023_t2/development/bearing/train/section_00_source_train_normal_0369_vel_8_loc_B.wav,8,B
0,source,train,normal,370,"['vel', '13', 'loc', 'A']",bearing,/DKUdata/2020/zhangyc/corpus/raw_data/dcase2023_t2/development/bearing/train/section_00_source_train_normal_0370_vel_13_loc_A.wav,13,A
0,source,train,normal,371,"['vel', '8', 'loc', 'B']",bearing,/DKUdata/2020/zhangyc/corpus/raw_data/dcase2023_t2/development/bearing/train/section_00_source_train_normal_0371_vel_8_loc_B.wav,8,B
0,source,train,normal,372,"['vel', '8', 'loc', 'D']",bearing,/DKUdata/2020/zhangyc/corpus/raw_data/dcase2023_t2/development/bearing/train/section_00_source_train_normal_0372_vel_8_loc_D.wav,8,D
0,source,train,normal,373,"['vel', '8', 'loc', 'D']",bearing,/DKUdata/2020/zhangyc/corpus/raw_data/dcase2023_t2/development/bearing/train/section_00_source_train_normal_0373_vel_8_loc_D.wav,8,D
0,source,train,normal,374,"['vel', '16', 'loc', 'C']",bearing,/DKUdata/2020/zhangyc/corpus/raw_data/dcase2023_t2/development/bearing/train/section_00_source_train_normal_0374_vel_16_loc_C.wav,16,C
0,source,train,normal,375,"['vel', '17', 'loc', 'A']",bearing,/DKUdata/2020/zhangyc/corpus/raw_data/dcase2023_t2/development/bearing/train/section_00_source_train_normal_0375_vel_17_loc_A.wav,17,A
0,source,train,normal,376,"['vel', '16', 'loc', 'A']",bearing,/DKUdata/2020/zhangyc/corpus/raw_data/dcase2023_t2/development/bearing/train/section_00_source_train_normal_0376_vel_16_loc_A.wav,16,A
0,source,train,normal,377,"['vel', '8', 'loc', 'D']",bearing,/DKUdata/2020/zhangyc/corpus/raw_data/dcase2023_t2/development/bearing/train/section_00_source_train_normal_0377_vel_8_loc_D.wav,8,D
0,source,train,normal,378,"['vel', '16', 'loc', 'A']",bearing,/DKUdata/2020/zhangyc/corpus/raw_data/dcase2023_t2/development/bearing/train/section_00_source_train_normal_0378_vel_16_loc_A.wav,16,A
0,source,train,normal,379,"['vel', '17', 'loc', 'A']",bearing,/DKUdata/2020/zhangyc/corpus/raw_data/dcase2023_t2/development/bearing/train/section_00_source_train_normal_0379_vel_17_loc_A.wav,17,A
0,source,train,normal,380,"['vel', '8', 'loc', 'C']",bearing,/DKUdata/2020/zhangyc/corpus/raw_data/dcase2023_t2/development/bearing/train/section_00_source_train_normal_0380_vel_8_loc_C.wav,8,C
0,source,train,normal,381,"['vel', '8', 'loc', 'A']",bearing,/DKUdata/2020/zhangyc/corpus/raw_data/dcase2023_t2/development/bearing/train/section_00_source_train_normal_0381_vel_8_loc_A.wav,8,A
0,source,train,normal,382,"['vel', '8', 'loc', 'C']",bearing,/DKUdata/2020/zhangyc/corpus/raw_data/dcase2023_t2/development/bearing/train/section_00_source_train_normal_0382_vel_8_loc_C.wav,8,C
0,source,train,normal,383,"['vel', '8', 'loc', 'C']",bearing,/DKUdata/2020/zhangyc/corpus/raw_data/dcase2023_t2/development/bearing/train/section_00_source_train_normal_0383_vel_8_loc_C.wav,8,C
0,source,train,normal,384,"['vel', '21', 'loc', 'A']",bearing,/DKUdata/2020/zhangyc/corpus/raw_data/dcase2023_t2/development/bearing/train/section_00_source_train_normal_0384_vel_21_loc_A.wav,21,A
0,source,train,normal,385,"['vel', '13', 'loc', 'A']",bearing,/DKUdata/2020/zhangyc/corpus/raw_data/dcase2023_t2/development/bearing/train/section_00_source_train_normal_0385_vel_13_loc_A.wav,13,A
0,source,train,normal,386,"['vel', '16', 'loc', 'A']",bearing,/DKUdata/2020/zhangyc/corpus/raw_data/dcase2023_t2/development/bearing/train/section_00_source_train_normal_0386_vel_16_loc_A.wav,16,A
0,source,train,normal,387,"['vel', '16', 'loc', 'D']",bearing,/DKUdata/2020/zhangyc/corpus/raw_data/dcase2023_t2/development/bearing/train/section_00_source_train_normal_0387_vel_16_loc_D.wav,16,D
0,source,train,normal,388,"['vel', '16', 'loc', 'D']",bearing,/DKUdata/2020/zhangyc/corpus/raw_data/dcase2023_t2/development/bearing/train/section_00_source_train_normal_0388_vel_16_loc_D.wav,16,D
0,source,train,normal,389,"['vel', '16', 'loc', 'D']",bearing,/DKUdata/2020/zhangyc/corpus/raw_data/dcase2023_t2/development/bearing/train/section_00_source_train_normal_0389_vel_16_loc_D.wav,16,D
0,source,train,normal,390,"['vel', '5', 'loc', 'A']",bearing,/DKUdata/2020/zhangyc/corpus/raw_data/dcase2023_t2/development/bearing/train/section_00_source_train_normal_0390_vel_5_loc_A.wav,5,A
0,source,train,normal,391,"['vel', '9', 'loc', 'A']",bearing,/DKUdata/2020/zhangyc/corpus/raw_data/dcase2023_t2/development/bearing/train/section_00_source_train_normal_0391_vel_9_loc_A.wav,9,A
0,source,train,normal,392,"['vel', '17', 'loc', 'A']",bearing,/DKUdata/2020/zhangyc/corpus/raw_data/dcase2023_t2/development/bearing/train/section_00_source_train_normal_0392_vel_17_loc_A.wav,17,A
0,source,train,normal,393,"['vel', '8', 'loc', 'C']",bearing,/DKUdata/2020/zhangyc/corpus/raw_data/dcase2023_t2/development/bearing/train/section_00_source_train_normal_0393_vel_8_loc_C.wav,8,C
0,source,train,normal,394,"['vel', '16', 'loc', 'C']",bearing,/DKUdata/2020/zhangyc/corpus/raw_data/dcase2023_t2/development/bearing/train/section_00_source_train_normal_0394_vel_16_loc_C.wav,16,C
0,source,train,normal,395,"['vel', '5', 'loc', 'A']",bearing,/DKUdata/2020/zhangyc/corpus/raw_data/dcase2023_t2/development/bearing/train/section_00_source_train_normal_0395_vel_5_loc_A.wav,5,A
0,source,train,normal,396,"['vel', '8', 'loc', 'B']",bearing,/DKUdata/2020/zhangyc/corpus/raw_data/dcase2023_t2/development/bearing/train/section_00_source_train_normal_0396_vel_8_loc_B.wav,8,B
0,source,train,normal,397,"['vel', '9', 'loc', 'A']",bearing,/DKUdata/2020/zhangyc/corpus/raw_data/dcase2023_t2/development/bearing/train/section_00_source_train_normal_0397_vel_9_loc_A.wav,9,A
0,source,train,normal,398,"['vel', '8', 'loc', 'A']",bearing,/DKUdata/2020/zhangyc/corpus/raw_data/dcase2023_t2/development/bearing/train/section_00_source_train_normal_0398_vel_8_loc_A.wav,8,A
0,source,train,normal,399,"['vel', '16', 'loc', 'B']",bearing,/DKUdata/2020/zhangyc/corpus/raw_data/dcase2023_t2/development/bearing/train/section_00_source_train_normal_0399_vel_16_loc_B.wav,16,B
0,source,train,normal,400,"['vel', '16', 'loc', 'B']",bearing,/DKUdata/2020/zhangyc/corpus/raw_data/dcase2023_t2/development/bearing/train/section_00_source_train_normal_0400_vel_16_loc_B.wav,16,B
0,source,train,normal,401,"['vel', '8', 'loc', 'C']",bearing,/DKUdata/2020/zhangyc/corpus/raw_data/dcase2023_t2/development/bearing/train/section_00_source_train_normal_0401_vel_8_loc_C.wav,8,C
0,source,train,normal,402,"['vel', '8', 'loc', 'B']",bearing,/DKUdata/2020/zhangyc/corpus/raw_data/dcase2023_t2/development/bearing/train/section_00_source_train_normal_0402_vel_8_loc_B.wav,8,B
0,source,train,normal,403,"['vel', '9', 'loc', 'A']",bearing,/DKUdata/2020/zhangyc/corpus/raw_data/dcase2023_t2/development/bearing/train/section_00_source_train_normal_0403_vel_9_loc_A.wav,9,A
0,source,train,normal,404,"['vel', '8', 'loc', 'B']",bearing,/DKUdata/2020/zhangyc/corpus/raw_data/dcase2023_t2/development/bearing/train/section_00_source_train_normal_0404_vel_8_loc_B.wav,8,B
0,source,train,normal,405,"['vel', '17', 'loc', 'A']",bearing,/DKUdata/2020/zhangyc/corpus/raw_data/dcase2023_t2/development/bearing/train/section_00_source_train_normal_0405_vel_17_loc_A.wav,17,A
0,source,train,normal,406,"['vel', '16', 'loc', 'D']",bearing,/DKUdata/2020/zhangyc/corpus/raw_data/dcase2023_t2/development/bearing/train/section_00_source_train_normal_0406_vel_16_loc_D.wav,16,D
0,source,train,normal,407,"['vel', '13', 'loc', 'A']",bearing,/DKUdata/2020/zhangyc/corpus/raw_data/dcase2023_t2/development/bearing/train/section_00_source_train_normal_0407_vel_13_loc_A.wav,13,A
0,source,train,normal,408,"['vel', '5', 'loc', 'A']",bearing,/DKUdata/2020/zhangyc/corpus/raw_data/dcase2023_t2/development/bearing/train/section_00_source_train_normal_0408_vel_5_loc_A.wav,5,A
0,source,train,normal,409,"['vel', '16', 'loc', 'B']",bearing,/DKUdata/2020/zhangyc/corpus/raw_data/dcase2023_t2/development/bearing/train/section_00_source_train_normal_0409_vel_16_loc_B.wav,16,B
0,source,train,normal,410,"['vel', '16', 'loc', 'C']",bearing,/DKUdata/2020/zhangyc/corpus/raw_data/dcase2023_t2/development/bearing/train/section_00_source_train_normal_0410_vel_16_loc_C.wav,16,C
0,source,train,normal,411,"['vel', '9', 'loc', 'A']",bearing,/DKUdata/2020/zhangyc/corpus/raw_data/dcase2023_t2/development/bearing/train/section_00_source_train_normal_0411_vel_9_loc_A.wav,9,A
0,source,train,normal,412,"['vel', '8', 'loc', 'B']",bearing,/DKUdata/2020/zhangyc/corpus/raw_data/dcase2023_t2/development/bearing/train/section_00_source_train_normal_0412_vel_8_loc_B.wav,8,B
0,source,train,normal,413,"['vel', '21', 'loc', 'A']",bearing,/DKUdata/2020/zhangyc/corpus/raw_data/dcase2023_t2/development/bearing/train/section_00_source_train_normal_0413_vel_21_loc_A.wav,21,A
0,source,train,normal,414,"['vel', '16', 'loc', 'C']",bearing,/DKUdata/2020/zhangyc/corpus/raw_data/dcase2023_t2/development/bearing/train/section_00_source_train_normal_0414_vel_16_loc_C.wav,16,C
0,source,train,normal,415,"['vel', '8', 'loc', 'A']",bearing,/DKUdata/2020/zhangyc/corpus/raw_data/dcase2023_t2/development/bearing/train/section_00_source_train_normal_0415_vel_8_loc_A.wav,8,A
0,source,train,normal,416,"['vel', '5', 'loc', 'A']",bearing,/DKUdata/2020/zhangyc/corpus/raw_data/dcase2023_t2/development/bearing/train/section_00_source_train_normal_0416_vel_5_loc_A.wav,5,A
0,source,train,normal,417,"['vel', '13', 'loc', 'A']",bearing,/DKUdata/2020/zhangyc/corpus/raw_data/dcase2023_t2/development/bearing/train/section_00_source_train_normal_0417_vel_13_loc_A.wav,13,A
0,source,train,normal,418,"['vel', '9', 'loc', 'A']",bearing,/DKUdata/2020/zhangyc/corpus/raw_data/dcase2023_t2/development/bearing/train/section_00_source_train_normal_0418_vel_9_loc_A.wav,9,A
0,source,train,normal,419,"['vel', '9', 'loc', 'A']",bearing,/DKUdata/2020/zhangyc/corpus/raw_data/dcase2023_t2/development/bearing/train/section_00_source_train_normal_0419_vel_9_loc_A.wav,9,A
0,source,train,normal,420,"['vel', '17', 'loc', 'A']",bearing,/DKUdata/2020/zhangyc/corpus/raw_data/dcase2023_t2/development/bearing/train/section_00_source_train_normal_0420_vel_17_loc_A.wav,17,A
0,source,train,normal,421,"['vel', '21', 'loc', 'A']",bearing,/DKUdata/2020/zhangyc/corpus/raw_data/dcase2023_t2/development/bearing/train/section_00_source_train_normal_0421_vel_21_loc_A.wav,21,A
0,source,train,normal,422,"['vel', '17', 'loc', 'A']",bearing,/DKUdata/2020/zhangyc/corpus/raw_data/dcase2023_t2/development/bearing/train/section_00_source_train_normal_0422_vel_17_loc_A.wav,17,A
0,source,train,normal,423,"['vel', '21', 'loc', 'A']",bearing,/DKUdata/2020/zhangyc/corpus/raw_data/dcase2023_t2/development/bearing/train/section_00_source_train_normal_0423_vel_21_loc_A.wav,21,A
0,source,train,normal,424,"['vel', '13', 'loc', 'A']",bearing,/DKUdata/2020/zhangyc/corpus/raw_data/dcase2023_t2/development/bearing/train/section_00_source_train_normal_0424_vel_13_loc_A.wav,13,A
0,source,train,normal,425,"['vel', '5', 'loc', 'A']",bearing,/DKUdata/2020/zhangyc/corpus/raw_data/dcase2023_t2/development/bearing/train/section_00_source_train_normal_0425_vel_5_loc_A.wav,5,A
0,source,train,normal,426,"['vel', '16', 'loc', 'C']",bearing,/DKUdata/2020/zhangyc/corpus/raw_data/dcase2023_t2/development/bearing/train/section_00_source_train_normal_0426_vel_16_loc_C.wav,16,C
0,source,train,normal,427,"['vel', '17', 'loc', 'A']",bearing,/DKUdata/2020/zhangyc/corpus/raw_data/dcase2023_t2/development/bearing/train/section_00_source_train_normal_0427_vel_17_loc_A.wav,17,A
0,source,train,normal,428,"['vel', '8', 'loc', 'B']",bearing,/DKUdata/2020/zhangyc/corpus/raw_data/dcase2023_t2/development/bearing/train/section_00_source_train_normal_0428_vel_8_loc_B.wav,8,B
0,source,train,normal,429,"['vel', '5', 'loc', 'A']",bearing,/DKUdata/2020/zhangyc/corpus/raw_data/dcase2023_t2/development/bearing/train/section_00_source_train_normal_0429_vel_5_loc_A.wav,5,A
0,source,train,normal,430,"['vel', '9', 'loc', 'A']",bearing,/DKUdata/2020/zhangyc/corpus/raw_data/dcase2023_t2/development/bearing/train/section_00_source_train_normal_0430_vel_9_loc_A.wav,9,A
0,source,train,normal,431,"['vel', '16', 'loc', 'C']",bearing,/DKUdata/2020/zhangyc/corpus/raw_data/dcase2023_t2/development/bearing/train/section_00_source_train_normal_0431_vel_16_loc_C.wav,16,C
0,source,train,normal,432,"['vel', '16', 'loc', 'A']",bearing,/DKUdata/2020/zhangyc/corpus/raw_data/dcase2023_t2/development/bearing/train/section_00_source_train_normal_0432_vel_16_loc_A.wav,16,A
0,source,train,normal,433,"['vel', '8', 'loc', 'B']",bearing,/DKUdata/2020/zhangyc/corpus/raw_data/dcase2023_t2/development/bearing/train/section_00_source_train_normal_0433_vel_8_loc_B.wav,8,B
0,source,train,normal,434,"['vel', '9', 'loc', 'A']",bearing,/DKUdata/2020/zhangyc/corpus/raw_data/dcase2023_t2/development/bearing/train/section_00_source_train_normal_0434_vel_9_loc_A.wav,9,A
0,source,train,normal,435,"['vel', '17', 'loc', 'A']",bearing,/DKUdata/2020/zhangyc/corpus/raw_data/dcase2023_t2/development/bearing/train/section_00_source_train_normal_0435_vel_17_loc_A.wav,17,A
0,source,train,normal,436,"['vel', '21', 'loc', 'A']",bearing,/DKUdata/2020/zhangyc/corpus/raw_data/dcase2023_t2/development/bearing/train/section_00_source_train_normal_0436_vel_21_loc_A.wav,21,A
0,source,train,normal,437,"['vel', '16', 'loc', 'B']",bearing,/DKUdata/2020/zhangyc/corpus/raw_data/dcase2023_t2/development/bearing/train/section_00_source_train_normal_0437_vel_16_loc_B.wav,16,B
0,source,train,normal,438,"['vel', '9', 'loc', 'A']",bearing,/DKUdata/2020/zhangyc/corpus/raw_data/dcase2023_t2/development/bearing/train/section_00_source_train_normal_0438_vel_9_loc_A.wav,9,A
0,source,train,normal,439,"['vel', '16', 'loc', 'C']",bearing,/DKUdata/2020/zhangyc/corpus/raw_data/dcase2023_t2/development/bearing/train/section_00_source_train_normal_0439_vel_16_loc_C.wav,16,C
0,source,train,normal,440,"['vel', '17', 'loc', 'A']",bearing,/DKUdata/2020/zhangyc/corpus/raw_data/dcase2023_t2/development/bearing/train/section_00_source_train_normal_0440_vel_17_loc_A.wav,17,A
0,source,train,normal,441,"['vel', '16', 'loc', 'A']",bearing,/DKUdata/2020/zhangyc/corpus/raw_data/dcase2023_t2/development/bearing/train/section_00_source_train_normal_0441_vel_16_loc_A.wav,16,A
0,source,train,normal,442,"['vel', '21', 'loc', 'A']",bearing,/DKUdata/2020/zhangyc/corpus/raw_data/dcase2023_t2/development/bearing/train/section_00_source_train_normal_0442_vel_21_loc_A.wav,21,A
0,source,train,normal,443,"['vel', '5', 'loc', 'A']",bearing,/DKUdata/2020/zhangyc/corpus/raw_data/dcase2023_t2/development/bearing/train/section_00_source_train_normal_0443_vel_5_loc_A.wav,5,A
0,source,train,normal,444,"['vel', '16', 'loc', 'C']",bearing,/DKUdata/2020/zhangyc/corpus/raw_data/dcase2023_t2/development/bearing/train/section_00_source_train_normal_0444_vel_16_loc_C.wav,16,C
0,source,train,normal,445,"['vel', '16', 'loc', 'D']",bearing,/DKUdata/2020/zhangyc/corpus/raw_data/dcase2023_t2/development/bearing/train/section_00_source_train_normal_0445_vel_16_loc_D.wav,16,D
0,source,train,normal,446,"['vel', '16', 'loc', 'C']",bearing,/DKUdata/2020/zhangyc/corpus/raw_data/dcase2023_t2/development/bearing/train/section_00_source_train_normal_0446_vel_16_loc_C.wav,16,C
0,source,train,normal,447,"['vel', '13', 'loc', 'A']",bearing,/DKUdata/2020/zhangyc/corpus/raw_data/dcase2023_t2/development/bearing/train/section_00_source_train_normal_0447_vel_13_loc_A.wav,13,A
0,source,train,normal,448,"['vel', '21', 'loc', 'A']",bearing,/DKUdata/2020/zhangyc/corpus/raw_data/dcase2023_t2/development/bearing/train/section_00_source_train_normal_0448_vel_21_loc_A.wav,21,A
0,source,train,normal,449,"['vel', '13', 'loc', 'A']",bearing,/DKUdata/2020/zhangyc/corpus/raw_data/dcase2023_t2/development/bearing/train/section_00_source_train_normal_0449_vel_13_loc_A.wav,13,A
0,source,train,normal,450,"['vel', '17', 'loc', 'A']",bearing,/DKUdata/2020/zhangyc/corpus/raw_data/dcase2023_t2/development/bearing/train/section_00_source_train_normal_0450_vel_17_loc_A.wav,17,A
0,source,train,normal,451,"['vel', '8', 'loc', 'A']",bearing,/DKUdata/2020/zhangyc/corpus/raw_data/dcase2023_t2/development/bearing/train/section_00_source_train_normal_0451_vel_8_loc_A.wav,8,A
0,source,train,normal,452,"['vel', '5', 'loc', 'A']",bearing,/DKUdata/2020/zhangyc/corpus/raw_data/dcase2023_t2/development/bearing/train/section_00_source_train_normal_0452_vel_5_loc_A.wav,5,A
0,source,train,normal,453,"['vel', '16', 'loc', 'D']",bearing,/DKUdata/2020/zhangyc/corpus/raw_data/dcase2023_t2/development/bearing/train/section_00_source_train_normal_0453_vel_16_loc_D.wav,16,D
0,source,train,normal,454,"['vel', '16', 'loc', 'D']",bearing,/DKUdata/2020/zhangyc/corpus/raw_data/dcase2023_t2/development/bearing/train/section_00_source_train_normal_0454_vel_16_loc_D.wav,16,D
0,source,train,normal,455,"['vel', '13', 'loc', 'A']",bearing,/DKUdata/2020/zhangyc/corpus/raw_data/dcase2023_t2/development/bearing/train/section_00_source_train_normal_0455_vel_13_loc_A.wav,13,A
0,source,train,normal,456,"['vel', '17', 'loc', 'A']",bearing,/DKUdata/2020/zhangyc/corpus/raw_data/dcase2023_t2/development/bearing/train/section_00_source_train_normal_0456_vel_17_loc_A.wav,17,A
0,source,train,normal,457,"['vel', '13', 'loc', 'A']",bearing,/DKUdata/2020/zhangyc/corpus/raw_data/dcase2023_t2/development/bearing/train/section_00_source_train_normal_0457_vel_13_loc_A.wav,13,A
0,source,train,normal,458,"['vel', '21', 'loc', 'A']",bearing,/DKUdata/2020/zhangyc/corpus/raw_data/dcase2023_t2/development/bearing/train/section_00_source_train_normal_0458_vel_21_loc_A.wav,21,A
0,source,train,normal,459,"['vel', '8', 'loc', 'D']",bearing,/DKUdata/2020/zhangyc/corpus/raw_data/dcase2023_t2/development/bearing/train/section_00_source_train_normal_0459_vel_8_loc_D.wav,8,D
0,source,train,normal,460,"['vel', '17', 'loc', 'A']",bearing,/DKUdata/2020/zhangyc/corpus/raw_data/dcase2023_t2/development/bearing/train/section_00_source_train_normal_0460_vel_17_loc_A.wav,17,A
0,source,train,normal,461,"['vel', '16', 'loc', 'C']",bearing,/DKUdata/2020/zhangyc/corpus/raw_data/dcase2023_t2/development/bearing/train/section_00_source_train_normal_0461_vel_16_loc_C.wav,16,C
0,source,train,normal,462,"['vel', '16', 'loc', 'A']",bearing,/DKUdata/2020/zhangyc/corpus/raw_data/dcase2023_t2/development/bearing/train/section_00_source_train_normal_0462_vel_16_loc_A.wav,16,A
0,source,train,normal,463,"['vel', '8', 'loc', 'D']",bearing,/DKUdata/2020/zhangyc/corpus/raw_data/dcase2023_t2/development/bearing/train/section_00_source_train_normal_0463_vel_8_loc_D.wav,8,D
0,source,train,normal,464,"['vel', '17', 'loc', 'A']",bearing,/DKUdata/2020/zhangyc/corpus/raw_data/dcase2023_t2/development/bearing/train/section_00_source_train_normal_0464_vel_17_loc_A.wav,17,A
0,source,train,normal,465,"['vel', '8', 'loc', 'C']",bearing,/DKUdata/2020/zhangyc/corpus/raw_data/dcase2023_t2/development/bearing/train/section_00_source_train_normal_0465_vel_8_loc_C.wav,8,C
0,source,train,normal,466,"['vel', '13', 'loc', 'A']",bearing,/DKUdata/2020/zhangyc/corpus/raw_data/dcase2023_t2/development/bearing/train/section_00_source_train_normal_0466_vel_13_loc_A.wav,13,A
0,source,train,normal,467,"['vel', '8', 'loc', 'A']",bearing,/DKUdata/2020/zhangyc/corpus/raw_data/dcase2023_t2/development/bearing/train/section_00_source_train_normal_0467_vel_8_loc_A.wav,8,A
0,source,train,normal,468,"['vel', '8', 'loc', 'C']",bearing,/DKUdata/2020/zhangyc/corpus/raw_data/dcase2023_t2/development/bearing/train/section_00_source_train_normal_0468_vel_8_loc_C.wav,8,C
0,source,train,normal,469,"['vel', '13', 'loc', 'A']",bearing,/DKUdata/2020/zhangyc/corpus/raw_data/dcase2023_t2/development/bearing/train/section_00_source_train_normal_0469_vel_13_loc_A.wav,13,A
0,source,train,normal,470,"['vel', '17', 'loc', 'A']",bearing,/DKUdata/2020/zhangyc/corpus/raw_data/dcase2023_t2/development/bearing/train/section_00_source_train_normal_0470_vel_17_loc_A.wav,17,A
0,source,train,normal,471,"['vel', '17', 'loc', 'A']",bearing,/DKUdata/2020/zhangyc/corpus/raw_data/dcase2023_t2/development/bearing/train/section_00_source_train_normal_0471_vel_17_loc_A.wav,17,A
0,source,train,normal,472,"['vel', '21', 'loc', 'A']",bearing,/DKUdata/2020/zhangyc/corpus/raw_data/dcase2023_t2/development/bearing/train/section_00_source_train_normal_0472_vel_21_loc_A.wav,21,A
0,source,train,normal,473,"['vel', '16', 'loc', 'B']",bearing,/DKUdata/2020/zhangyc/corpus/raw_data/dcase2023_t2/development/bearing/train/section_00_source_train_normal_0473_vel_16_loc_B.wav,16,B
0,source,train,normal,474,"['vel', '16', 'loc', 'B']",bearing,/DKUdata/2020/zhangyc/corpus/raw_data/dcase2023_t2/development/bearing/train/section_00_source_train_normal_0474_vel_16_loc_B.wav,16,B
0,source,train,normal,475,"['vel', '16', 'loc', 'D']",bearing,/DKUdata/2020/zhangyc/corpus/raw_data/dcase2023_t2/development/bearing/train/section_00_source_train_normal_0475_vel_16_loc_D.wav,16,D
0,source,train,normal,476,"['vel', '13', 'loc', 'A']",bearing,/DKUdata/2020/zhangyc/corpus/raw_data/dcase2023_t2/development/bearing/train/section_00_source_train_normal_0476_vel_13_loc_A.wav,13,A
0,source,train,normal,477,"['vel', '21', 'loc', 'A']",bearing,/DKUdata/2020/zhangyc/corpus/raw_data/dcase2023_t2/development/bearing/train/section_00_source_train_normal_0477_vel_21_loc_A.wav,21,A
0,source,train,normal,478,"['vel', '8', 'loc', 'B']",bearing,/DKUdata/2020/zhangyc/corpus/raw_data/dcase2023_t2/development/bearing/train/section_00_source_train_normal_0478_vel_8_loc_B.wav,8,B
0,source,train,normal,479,"['vel', '8', 'loc', 'B']",bearing,/DKUdata/2020/zhangyc/corpus/raw_data/dcase2023_t2/development/bearing/train/section_00_source_train_normal_0479_vel_8_loc_B.wav,8,B
0,source,train,normal,480,"['vel', '21', 'loc', 'A']",bearing,/DKUdata/2020/zhangyc/corpus/raw_data/dcase2023_t2/development/bearing/train/section_00_source_train_normal_0480_vel_21_loc_A.wav,21,A
0,source,train,normal,481,"['vel', '16', 'loc', 'D']",bearing,/DKUdata/2020/zhangyc/corpus/raw_data/dcase2023_t2/development/bearing/train/section_00_source_train_normal_0481_vel_16_loc_D.wav,16,D
0,source,train,normal,482,"['vel', '9', 'loc', 'A']",bearing,/DKUdata/2020/zhangyc/corpus/raw_data/dcase2023_t2/development/bearing/train/section_00_source_train_normal_0482_vel_9_loc_A.wav,9,A
0,source,train,normal,483,"['vel', '21', 'loc', 'A']",bearing,/DKUdata/2020/zhangyc/corpus/raw_data/dcase2023_t2/development/bearing/train/section_00_source_train_normal_0483_vel_21_loc_A.wav,21,A
0,source,train,normal,484,"['vel', '8', 'loc', 'B']",bearing,/DKUdata/2020/zhangyc/corpus/raw_data/dcase2023_t2/development/bearing/train/section_00_source_train_normal_0484_vel_8_loc_B.wav,8,B
0,source,train,normal,485,"['vel', '21', 'loc', 'A']",bearing,/DKUdata/2020/zhangyc/corpus/raw_data/dcase2023_t2/development/bearing/train/section_00_source_train_normal_0485_vel_21_loc_A.wav,21,A
0,source,train,normal,486,"['vel', '13', 'loc', 'A']",bearing,/DKUdata/2020/zhangyc/corpus/raw_data/dcase2023_t2/development/bearing/train/section_00_source_train_normal_0486_vel_13_loc_A.wav,13,A
0,source,train,normal,487,"['vel', '5', 'loc', 'A']",bearing,/DKUdata/2020/zhangyc/corpus/raw_data/dcase2023_t2/development/bearing/train/section_00_source_train_normal_0487_vel_5_loc_A.wav,5,A
0,source,train,normal,488,"['vel', '17', 'loc', 'A']",bearing,/DKUdata/2020/zhangyc/corpus/raw_data/dcase2023_t2/development/bearing/train/section_00_source_train_normal_0488_vel_17_loc_A.wav,17,A
0,source,train,normal,489,"['vel', '16', 'loc', 'D']",bearing,/DKUdata/2020/zhangyc/corpus/raw_data/dcase2023_t2/development/bearing/train/section_00_source_train_normal_0489_vel_16_loc_D.wav,16,D
0,source,train,normal,490,"['vel', '17', 'loc', 'A']",bearing,/DKUdata/2020/zhangyc/corpus/raw_data/dcase2023_t2/development/bearing/train/section_00_source_train_normal_0490_vel_17_loc_A.wav,17,A
0,source,train,normal,491,"['vel', '8', 'loc', 'C']",bearing,/DKUdata/2020/zhangyc/corpus/raw_data/dcase2023_t2/development/bearing/train/section_00_source_train_normal_0491_vel_8_loc_C.wav,8,C
0,source,train,normal,492,"['vel', '17', 'loc', 'A']",bearing,/DKUdata/2020/zhangyc/corpus/raw_data/dcase2023_t2/development/bearing/train/section_00_source_train_normal_0492_vel_17_loc_A.wav,17,A
0,source,train,normal,493,"['vel', '8', 'loc', 'D']",bearing,/DKUdata/2020/zhangyc/corpus/raw_data/dcase2023_t2/development/bearing/train/section_00_source_train_normal_0493_vel_8_loc_D.wav,8,D
0,source,train,normal,494,"['vel', '8', 'loc', 'C']",bearing,/DKUdata/2020/zhangyc/corpus/raw_data/dcase2023_t2/development/bearing/train/section_00_source_train_normal_0494_vel_8_loc_C.wav,8,C
0,source,train,normal,495,"['vel', '17', 'loc', 'A']",bearing,/DKUdata/2020/zhangyc/corpus/raw_data/dcase2023_t2/development/bearing/train/section_00_source_train_normal_0495_vel_17_loc_A.wav,17,A
0,source,train,normal,496,"['vel', '21', 'loc', 'A']",bearing,/DKUdata/2020/zhangyc/corpus/raw_data/dcase2023_t2/development/bearing/train/section_00_source_train_normal_0496_vel_21_loc_A.wav,21,A
0,source,train,normal,497,"['vel', '9', 'loc', 'A']",bearing,/DKUdata/2020/zhangyc/corpus/raw_data/dcase2023_t2/development/bearing/train/section_00_source_train_normal_0497_vel_9_loc_A.wav,9,A
0,source,train,normal,498,"['vel', '5', 'loc', 'A']",bearing,/DKUdata/2020/zhangyc/corpus/raw_data/dcase2023_t2/development/bearing/train/section_00_source_train_normal_0498_vel_5_loc_A.wav,5,A
0,source,train,normal,499,"['vel', '8', 'loc', 'D']",bearing,/DKUdata/2020/zhangyc/corpus/raw_data/dcase2023_t2/development/bearing/train/section_00_source_train_normal_0499_vel_8_loc_D.wav,8,D
0,source,train,normal,500,"['vel', '21', 'loc', 'A']",bearing,/DKUdata/2020/zhangyc/corpus/raw_data/dcase2023_t2/development/bearing/train/section_00_source_train_normal_0500_vel_21_loc_A.wav,21,A
0,source,train,normal,501,"['vel', '8', 'loc', 'B']",bearing,/DKUdata/2020/zhangyc/corpus/raw_data/dcase2023_t2/development/bearing/train/section_00_source_train_normal_0501_vel_8_loc_B.wav,8,B
0,source,train,normal,502,"['vel', '17', 'loc', 'A']",bearing,/DKUdata/2020/zhangyc/corpus/raw_data/dcase2023_t2/development/bearing/train/section_00_source_train_normal_0502_vel_17_loc_A.wav,17,A
0,source,train,normal,503,"['vel', '8', 'loc', 'A']",bearing,/DKUdata/2020/zhangyc/corpus/raw_data/dcase2023_t2/development/bearing/train/section_00_source_train_normal_0503_vel_8_loc_A.wav,8,A
0,source,train,normal,504,"['vel', '8', 'loc', 'C']",bearing,/DKUdata/2020/zhangyc/corpus/raw_data/dcase2023_t2/development/bearing/train/section_00_source_train_normal_0504_vel_8_loc_C.wav,8,C
0,source,train,normal,505,"['vel', '16', 'loc', 'C']",bearing,/DKUdata/2020/zhangyc/corpus/raw_data/dcase2023_t2/development/bearing/train/section_00_source_train_normal_0505_vel_16_loc_C.wav,16,C
0,source,train,normal,506,"['vel', '16', 'loc', 'D']",bearing,/DKUdata/2020/zhangyc/corpus/raw_data/dcase2023_t2/development/bearing/train/section_00_source_train_normal_0506_vel_16_loc_D.wav,16,D
0,source,train,normal,507,"['vel', '9', 'loc', 'A']",bearing,/DKUdata/2020/zhangyc/corpus/raw_data/dcase2023_t2/development/bearing/train/section_00_source_train_normal_0507_vel_9_loc_A.wav,9,A
0,source,train,normal,508,"['vel', '8', 'loc', 'B']",bearing,/DKUdata/2020/zhangyc/corpus/raw_data/dcase2023_t2/development/bearing/train/section_00_source_train_normal_0508_vel_8_loc_B.wav,8,B
0,source,train,normal,509,"['vel', '8', 'loc', 'C']",bearing,/DKUdata/2020/zhangyc/corpus/raw_data/dcase2023_t2/development/bearing/train/section_00_source_train_normal_0509_vel_8_loc_C.wav,8,C
0,source,train,normal,510,"['vel', '17', 'loc', 'A']",bearing,/DKUdata/2020/zhangyc/corpus/raw_data/dcase2023_t2/development/bearing/train/section_00_source_train_normal_0510_vel_17_loc_A.wav,17,A
0,source,train,normal,511,"['vel', '9', 'loc', 'A']",bearing,/DKUdata/2020/zhangyc/corpus/raw_data/dcase2023_t2/development/bearing/train/section_00_source_train_normal_0511_vel_9_loc_A.wav,9,A
0,source,train,normal,512,"['vel', '13', 'loc', 'A']",bearing,/DKUdata/2020/zhangyc/corpus/raw_data/dcase2023_t2/development/bearing/train/section_00_source_train_normal_0512_vel_13_loc_A.wav,13,A
0,source,train,normal,513,"['vel', '8', 'loc', 'D']",bearing,/DKUdata/2020/zhangyc/corpus/raw_data/dcase2023_t2/development/bearing/train/section_00_source_train_normal_0513_vel_8_loc_D.wav,8,D
0,source,train,normal,514,"['vel', '9', 'loc', 'A']",bearing,/DKUdata/2020/zhangyc/corpus/raw_data/dcase2023_t2/development/bearing/train/section_00_source_train_normal_0514_vel_9_loc_A.wav,9,A
0,source,train,normal,515,"['vel', '16', 'loc', 'D']",bearing,/DKUdata/2020/zhangyc/corpus/raw_data/dcase2023_t2/development/bearing/train/section_00_source_train_normal_0515_vel_16_loc_D.wav,16,D
0,source,train,normal,516,"['vel', '16', 'loc', 'C']",bearing,/DKUdata/2020/zhangyc/corpus/raw_data/dcase2023_t2/development/bearing/train/section_00_source_train_normal_0516_vel_16_loc_C.wav,16,C
0,source,train,normal,517,"['vel', '13', 'loc', 'A']",bearing,/DKUdata/2020/zhangyc/corpus/raw_data/dcase2023_t2/development/bearing/train/section_00_source_train_normal_0517_vel_13_loc_A.wav,13,A
0,source,train,normal,518,"['vel', '5', 'loc', 'A']",bearing,/DKUdata/2020/zhangyc/corpus/raw_data/dcase2023_t2/development/bearing/train/section_00_source_train_normal_0518_vel_5_loc_A.wav,5,A
0,source,train,normal,519,"['vel', '21', 'loc', 'A']",bearing,/DKUdata/2020/zhangyc/corpus/raw_data/dcase2023_t2/development/bearing/train/section_00_source_train_normal_0519_vel_21_loc_A.wav,21,A
0,source,train,normal,520,"['vel', '16', 'loc', 'B']",bearing,/DKUdata/2020/zhangyc/corpus/raw_data/dcase2023_t2/development/bearing/train/section_00_source_train_normal_0520_vel_16_loc_B.wav,16,B
0,source,train,normal,521,"['vel', '8', 'loc', 'C']",bearing,/DKUdata/2020/zhangyc/corpus/raw_data/dcase2023_t2/development/bearing/train/section_00_source_train_normal_0521_vel_8_loc_C.wav,8,C
0,source,train,normal,522,"['vel', '8', 'loc', 'B']",bearing,/DKUdata/2020/zhangyc/corpus/raw_data/dcase2023_t2/development/bearing/train/section_00_source_train_normal_0522_vel_8_loc_B.wav,8,B
0,source,train,normal,523,"['vel', '8', 'loc', 'B']",bearing,/DKUdata/2020/zhangyc/corpus/raw_data/dcase2023_t2/development/bearing/train/section_00_source_train_normal_0523_vel_8_loc_B.wav,8,B
0,source,train,normal,524,"['vel', '16', 'loc', 'B']",bearing,/DKUdata/2020/zhangyc/corpus/raw_data/dcase2023_t2/development/bearing/train/section_00_source_train_normal_0524_vel_16_loc_B.wav,16,B
0,source,train,normal,525,"['vel', '13', 'loc', 'A']",bearing,/DKUdata/2020/zhangyc/corpus/raw_data/dcase2023_t2/development/bearing/train/section_00_source_train_normal_0525_vel_13_loc_A.wav,13,A
0,source,train,normal,526,"['vel', '16', 'loc', 'D']",bearing,/DKUdata/2020/zhangyc/corpus/raw_data/dcase2023_t2/development/bearing/train/section_00_source_train_normal_0526_vel_16_loc_D.wav,16,D
0,source,train,normal,527,"['vel', '21', 'loc', 'A']",bearing,/DKUdata/2020/zhangyc/corpus/raw_data/dcase2023_t2/development/bearing/train/section_00_source_train_normal_0527_vel_21_loc_A.wav,21,A
0,source,train,normal,528,"['vel', '8', 'loc', 'A']",bearing,/DKUdata/2020/zhangyc/corpus/raw_data/dcase2023_t2/development/bearing/train/section_00_source_train_normal_0528_vel_8_loc_A.wav,8,A
0,source,train,normal,529,"['vel', '8', 'loc', 'B']",bearing,/DKUdata/2020/zhangyc/corpus/raw_data/dcase2023_t2/development/bearing/train/section_00_source_train_normal_0529_vel_8_loc_B.wav,8,B
0,source,train,normal,530,"['vel', '8', 'loc', 'D']",bearing,/DKUdata/2020/zhangyc/corpus/raw_data/dcase2023_t2/development/bearing/train/section_00_source_train_normal_0530_vel_8_loc_D.wav,8,D
0,source,train,normal,531,"['vel', '9', 'loc', 'A']",bearing,/DKUdata/2020/zhangyc/corpus/raw_data/dcase2023_t2/development/bearing/train/section_00_source_train_normal_0531_vel_9_loc_A.wav,9,A
0,source,train,normal,532,"['vel', '16', 'loc', 'C']",bearing,/DKUdata/2020/zhangyc/corpus/raw_data/dcase2023_t2/development/bearing/train/section_00_source_train_normal_0532_vel_16_loc_C.wav,16,C
0,source,train,normal,533,"['vel', '8', 'loc', 'D']",bearing,/DKUdata/2020/zhangyc/corpus/raw_data/dcase2023_t2/development/bearing/train/section_00_source_train_normal_0533_vel_8_loc_D.wav,8,D
0,source,train,normal,534,"['vel', '21', 'loc', 'A']",bearing,/DKUdata/2020/zhangyc/corpus/raw_data/dcase2023_t2/development/bearing/train/section_00_source_train_normal_0534_vel_21_loc_A.wav,21,A
0,source,train,normal,535,"['vel', '16', 'loc', 'B']",bearing,/DKUdata/2020/zhangyc/corpus/raw_data/dcase2023_t2/development/bearing/train/section_00_source_train_normal_0535_vel_16_loc_B.wav,16,B
0,source,train,normal,536,"['vel', '8', 'loc', 'C']",bearing,/DKUdata/2020/zhangyc/corpus/raw_data/dcase2023_t2/development/bearing/train/section_00_source_train_normal_0536_vel_8_loc_C.wav,8,C
0,source,train,normal,537,"['vel', '21', 'loc', 'A']",bearing,/DKUdata/2020/zhangyc/corpus/raw_data/dcase2023_t2/development/bearing/train/section_00_source_train_normal_0537_vel_21_loc_A.wav,21,A
0,source,train,normal,538,"['vel', '16', 'loc', 'A']",bearing,/DKUdata/2020/zhangyc/corpus/raw_data/dcase2023_t2/development/bearing/train/section_00_source_train_normal_0538_vel_16_loc_A.wav,16,A
0,source,train,normal,539,"['vel', '13', 'loc', 'A']",bearing,/DKUdata/2020/zhangyc/corpus/raw_data/dcase2023_t2/development/bearing/train/section_00_source_train_normal_0539_vel_13_loc_A.wav,13,A
0,source,train,normal,540,"['vel', '17', 'loc', 'A']",bearing,/DKUdata/2020/zhangyc/corpus/raw_data/dcase2023_t2/development/bearing/train/section_00_source_train_normal_0540_vel_17_loc_A.wav,17,A
0,source,train,normal,541,"['vel', '21', 'loc', 'A']",bearing,/DKUdata/2020/zhangyc/corpus/raw_data/dcase2023_t2/development/bearing/train/section_00_source_train_normal_0541_vel_21_loc_A.wav,21,A
0,source,train,normal,542,"['vel', '21', 'loc', 'A']",bearing,/DKUdata/2020/zhangyc/corpus/raw_data/dcase2023_t2/development/bearing/train/section_00_source_train_normal_0542_vel_21_loc_A.wav,21,A
0,source,train,normal,543,"['vel', '9', 'loc', 'A']",bearing,/DKUdata/2020/zhangyc/corpus/raw_data/dcase2023_t2/development/bearing/train/section_00_source_train_normal_0543_vel_9_loc_A.wav,9,A
0,source,train,normal,544,"['vel', '8', 'loc', 'D']",bearing,/DKUdata/2020/zhangyc/corpus/raw_data/dcase2023_t2/development/bearing/train/section_00_source_train_normal_0544_vel_8_loc_D.wav,8,D
0,source,train,normal,545,"['vel', '9', 'loc', 'A']",bearing,/DKUdata/2020/zhangyc/corpus/raw_data/dcase2023_t2/development/bearing/train/section_00_source_train_normal_0545_vel_9_loc_A.wav,9,A
0,source,train,normal,546,"['vel', '13', 'loc', 'A']",bearing,/DKUdata/2020/zhangyc/corpus/raw_data/dcase2023_t2/development/bearing/train/section_00_source_train_normal_0546_vel_13_loc_A.wav,13,A
0,source,train,normal,547,"['vel', '16', 'loc', 'C']",bearing,/DKUdata/2020/zhangyc/corpus/raw_data/dcase2023_t2/development/bearing/train/section_00_source_train_normal_0547_vel_16_loc_C.wav,16,C
0,source,train,normal,548,"['vel', '8', 'loc', 'A']",bearing,/DKUdata/2020/zhangyc/corpus/raw_data/dcase2023_t2/development/bearing/train/section_00_source_train_normal_0548_vel_8_loc_A.wav,8,A
0,source,train,normal,549,"['vel', '9', 'loc', 'A']",bearing,/DKUdata/2020/zhangyc/corpus/raw_data/dcase2023_t2/development/bearing/train/section_00_source_train_normal_0549_vel_9_loc_A.wav,9,A
0,source,train,normal,550,"['vel', '13', 'loc', 'A']",bearing,/DKUdata/2020/zhangyc/corpus/raw_data/dcase2023_t2/development/bearing/train/section_00_source_train_normal_0550_vel_13_loc_A.wav,13,A
0,source,train,normal,551,"['vel', '8', 'loc', 'B']",bearing,/DKUdata/2020/zhangyc/corpus/raw_data/dcase2023_t2/development/bearing/train/section_00_source_train_normal_0551_vel_8_loc_B.wav,8,B
0,source,train,normal,552,"['vel', '21', 'loc', 'A']",bearing,/DKUdata/2020/zhangyc/corpus/raw_data/dcase2023_t2/development/bearing/train/section_00_source_train_normal_0552_vel_21_loc_A.wav,21,A
0,source,train,normal,553,"['vel', '5', 'loc', 'A']",bearing,/DKUdata/2020/zhangyc/corpus/raw_data/dcase2023_t2/development/bearing/train/section_00_source_train_normal_0553_vel_5_loc_A.wav,5,A
0,source,train,normal,554,"['vel', '8', 'loc', 'D']",bearing,/DKUdata/2020/zhangyc/corpus/raw_data/dcase2023_t2/development/bearing/train/section_00_source_train_normal_0554_vel_8_loc_D.wav,8,D
0,source,train,normal,555,"['vel', '8', 'loc', 'B']",bearing,/DKUdata/2020/zhangyc/corpus/raw_data/dcase2023_t2/development/bearing/train/section_00_source_train_normal_0555_vel_8_loc_B.wav,8,B
0,source,train,normal,556,"['vel', '9', 'loc', 'A']",bearing,/DKUdata/2020/zhangyc/corpus/raw_data/dcase2023_t2/development/bearing/train/section_00_source_train_normal_0556_vel_9_loc_A.wav,9,A
0,source,train,normal,557,"['vel', '5', 'loc', 'A']",bearing,/DKUdata/2020/zhangyc/corpus/raw_data/dcase2023_t2/development/bearing/train/section_00_source_train_normal_0557_vel_5_loc_A.wav,5,A
0,source,train,normal,558,"['vel', '16', 'loc', 'C']",bearing,/DKUdata/2020/zhangyc/corpus/raw_data/dcase2023_t2/development/bearing/train/section_00_source_train_normal_0558_vel_16_loc_C.wav,16,C
0,source,train,normal,559,"['vel', '17', 'loc', 'A']",bearing,/DKUdata/2020/zhangyc/corpus/raw_data/dcase2023_t2/development/bearing/train/section_00_source_train_normal_0559_vel_17_loc_A.wav,17,A
0,source,train,normal,560,"['vel', '5', 'loc', 'A']",bearing,/DKUdata/2020/zhangyc/corpus/raw_data/dcase2023_t2/development/bearing/train/section_00_source_train_normal_0560_vel_5_loc_A.wav,5,A
0,source,train,normal,561,"['vel', '8', 'loc', 'A']",bearing,/DKUdata/2020/zhangyc/corpus/raw_data/dcase2023_t2/development/bearing/train/section_00_source_train_normal_0561_vel_8_loc_A.wav,8,A
0,source,train,normal,562,"['vel', '17', 'loc', 'A']",bearing,/DKUdata/2020/zhangyc/corpus/raw_data/dcase2023_t2/development/bearing/train/section_00_source_train_normal_0562_vel_17_loc_A.wav,17,A
0,source,train,normal,563,"['vel', '16', 'loc', 'B']",bearing,/DKUdata/2020/zhangyc/corpus/raw_data/dcase2023_t2/development/bearing/train/section_00_source_train_normal_0563_vel_16_loc_B.wav,16,B
0,source,train,normal,564,"['vel', '8', 'loc', 'C']",bearing,/DKUdata/2020/zhangyc/corpus/raw_data/dcase2023_t2/development/bearing/train/section_00_source_train_normal_0564_vel_8_loc_C.wav,8,C
0,source,train,normal,565,"['vel', '21', 'loc', 'A']",bearing,/DKUdata/2020/zhangyc/corpus/raw_data/dcase2023_t2/development/bearing/train/section_00_source_train_normal_0565_vel_21_loc_A.wav,21,A
0,source,train,normal,566,"['vel', '5', 'loc', 'A']",bearing,/DKUdata/2020/zhangyc/corpus/raw_data/dcase2023_t2/development/bearing/train/section_00_source_train_normal_0566_vel_5_loc_A.wav,5,A
0,source,train,normal,567,"['vel', '16', 'loc', 'A']",bearing,/DKUdata/2020/zhangyc/corpus/raw_data/dcase2023_t2/development/bearing/train/section_00_source_train_normal_0567_vel_16_loc_A.wav,16,A
0,source,train,normal,568,"['vel', '9', 'loc', 'A']",bearing,/DKUdata/2020/zhangyc/corpus/raw_data/dcase2023_t2/development/bearing/train/section_00_source_train_normal_0568_vel_9_loc_A.wav,9,A
0,source,train,normal,569,"['vel', '16', 'loc', 'B']",bearing,/DKUdata/2020/zhangyc/corpus/raw_data/dcase2023_t2/development/bearing/train/section_00_source_train_normal_0569_vel_16_loc_B.wav,16,B
0,source,train,normal,570,"['vel', '16', 'loc', 'C']",bearing,/DKUdata/2020/zhangyc/corpus/raw_data/dcase2023_t2/development/bearing/train/section_00_source_train_normal_0570_vel_16_loc_C.wav,16,C
0,source,train,normal,571,"['vel', '8', 'loc', 'B']",bearing,/DKUdata/2020/zhangyc/corpus/raw_data/dcase2023_t2/development/bearing/train/section_00_source_train_normal_0571_vel_8_loc_B.wav,8,B
0,source,train,normal,572,"['vel', '21', 'loc', 'A']",bearing,/DKUdata/2020/zhangyc/corpus/raw_data/dcase2023_t2/development/bearing/train/section_00_source_train_normal_0572_vel_21_loc_A.wav,21,A
0,source,train,normal,573,"['vel', '16', 'loc', 'B']",bearing,/DKUdata/2020/zhangyc/corpus/raw_data/dcase2023_t2/development/bearing/train/section_00_source_train_normal_0573_vel_16_loc_B.wav,16,B
0,source,train,normal,574,"['vel', '5', 'loc', 'A']",bearing,/DKUdata/2020/zhangyc/corpus/raw_data/dcase2023_t2/development/bearing/train/section_00_source_train_normal_0574_vel_5_loc_A.wav,5,A
0,source,train,normal,575,"['vel', '17', 'loc', 'A']",bearing,/DKUdata/2020/zhangyc/corpus/raw_data/dcase2023_t2/development/bearing/train/section_00_source_train_normal_0575_vel_17_loc_A.wav,17,A
0,source,train,normal,576,"['vel', '16', 'loc', 'D']",bearing,/DKUdata/2020/zhangyc/corpus/raw_data/dcase2023_t2/development/bearing/train/section_00_source_train_normal_0576_vel_16_loc_D.wav,16,D
0,source,train,normal,577,"['vel', '21', 'loc', 'A']",bearing,/DKUdata/2020/zhangyc/corpus/raw_data/dcase2023_t2/development/bearing/train/section_00_source_train_normal_0577_vel_21_loc_A.wav,21,A
0,source,train,normal,578,"['vel', '16', 'loc', 'D']",bearing,/DKUdata/2020/zhangyc/corpus/raw_data/dcase2023_t2/development/bearing/train/section_00_source_train_normal_0578_vel_16_loc_D.wav,16,D
0,source,train,normal,579,"['vel', '13', 'loc', 'A']",bearing,/DKUdata/2020/zhangyc/corpus/raw_data/dcase2023_t2/development/bearing/train/section_00_source_train_normal_0579_vel_13_loc_A.wav,13,A
0,source,train,normal,580,"['vel', '8', 'loc', 'C']",bearing,/DKUdata/2020/zhangyc/corpus/raw_data/dcase2023_t2/development/bearing/train/section_00_source_train_normal_0580_vel_8_loc_C.wav,8,C
0,source,train,normal,581,"['vel', '16', 'loc', 'C']",bearing,/DKUdata/2020/zhangyc/corpus/raw_data/dcase2023_t2/development/bearing/train/section_00_source_train_normal_0581_vel_16_loc_C.wav,16,C
0,source,train,normal,582,"['vel', '13', 'loc', 'A']",bearing,/DKUdata/2020/zhangyc/corpus/raw_data/dcase2023_t2/development/bearing/train/section_00_source_train_normal_0582_vel_13_loc_A.wav,13,A
0,source,train,normal,583,"['vel', '16', 'loc', 'B']",bearing,/DKUdata/2020/zhangyc/corpus/raw_data/dcase2023_t2/development/bearing/train/section_00_source_train_normal_0583_vel_16_loc_B.wav,16,B
0,source,train,normal,584,"['vel', '8', 'loc', 'D']",bearing,/DKUdata/2020/zhangyc/corpus/raw_data/dcase2023_t2/development/bearing/train/section_00_source_train_normal_0584_vel_8_loc_D.wav,8,D
0,source,train,normal,585,"['vel', '17', 'loc', 'A']",bearing,/DKUdata/2020/zhangyc/corpus/raw_data/dcase2023_t2/development/bearing/train/section_00_source_train_normal_0585_vel_17_loc_A.wav,17,A
0,source,train,normal,586,"['vel', '16', 'loc', 'A']",bearing,/DKUdata/2020/zhangyc/corpus/raw_data/dcase2023_t2/development/bearing/train/section_00_source_train_normal_0586_vel_16_loc_A.wav,16,A
0,source,train,normal,587,"['vel', '8', 'loc', 'A']",bearing,/DKUdata/2020/zhangyc/corpus/raw_data/dcase2023_t2/development/bearing/train/section_00_source_train_normal_0587_vel_8_loc_A.wav,8,A
0,source,train,normal,588,"['vel', '9', 'loc', 'A']",bearing,/DKUdata/2020/zhangyc/corpus/raw_data/dcase2023_t2/development/bearing/train/section_00_source_train_normal_0588_vel_9_loc_A.wav,9,A
0,source,train,normal,589,"['vel', '16', 'loc', 'C']",bearing,/DKUdata/2020/zhangyc/corpus/raw_data/dcase2023_t2/development/bearing/train/section_00_source_train_normal_0589_vel_16_loc_C.wav,16,C
0,source,train,normal,590,"['vel', '8', 'loc', 'A']",bearing,/DKUdata/2020/zhangyc/corpus/raw_data/dcase2023_t2/development/bearing/train/section_00_source_train_normal_0590_vel_8_loc_A.wav,8,A
0,source,train,normal,591,"['vel', '16', 'loc', 'B']",bearing,/DKUdata/2020/zhangyc/corpus/raw_data/dcase2023_t2/development/bearing/train/section_00_source_train_normal_0591_vel_16_loc_B.wav,16,B
0,source,train,normal,592,"['vel', '8', 'loc', 'D']",bearing,/DKUdata/2020/zhangyc/corpus/raw_data/dcase2023_t2/development/bearing/train/section_00_source_train_normal_0592_vel_8_loc_D.wav,8,D
0,source,train,normal,593,"['vel', '9', 'loc', 'A']",bearing,/DKUdata/2020/zhangyc/corpus/raw_data/dcase2023_t2/development/bearing/train/section_00_source_train_normal_0593_vel_9_loc_A.wav,9,A
0,source,train,normal,594,"['vel', '17', 'loc', 'A']",bearing,/DKUdata/2020/zhangyc/corpus/raw_data/dcase2023_t2/development/bearing/train/section_00_source_train_normal_0594_vel_17_loc_A.wav,17,A
0,source,train,normal,595,"['vel', '9', 'loc', 'A']",bearing,/DKUdata/2020/zhangyc/corpus/raw_data/dcase2023_t2/development/bearing/train/section_00_source_train_normal_0595_vel_9_loc_A.wav,9,A
0,source,train,normal,596,"['vel', '21', 'loc', 'A']",bearing,/DKUdata/2020/zhangyc/corpus/raw_data/dcase2023_t2/development/bearing/train/section_00_source_train_normal_0596_vel_21_loc_A.wav,21,A
0,source,train,normal,597,"['vel', '8', 'loc', 'B']",bearing,/DKUdata/2020/zhangyc/corpus/raw_data/dcase2023_t2/development/bearing/train/section_00_source_train_normal_0597_vel_8_loc_B.wav,8,B
0,source,train,normal,598,"['vel', '5', 'loc', 'A']",bearing,/DKUdata/2020/zhangyc/corpus/raw_data/dcase2023_t2/development/bearing/train/section_00_source_train_normal_0598_vel_5_loc_A.wav,5,A
0,source,train,normal,599,"['vel', '8', 'loc', 'A']",bearing,/DKUdata/2020/zhangyc/corpus/raw_data/dcase2023_t2/development/bearing/train/section_00_source_train_normal_0599_vel_8_loc_A.wav,8,A
0,source,train,normal,600,"['vel', '13', 'loc', 'A']",bearing,/DKUdata/2020/zhangyc/corpus/raw_data/dcase2023_t2/development/bearing/train/section_00_source_train_normal_0600_vel_13_loc_A.wav,13,A
0,source,train,normal,601,"['vel', '5', 'loc', 'A']",bearing,/DKUdata/2020/zhangyc/corpus/raw_data/dcase2023_t2/development/bearing/train/section_00_source_train_normal_0601_vel_5_loc_A.wav,5,A
0,source,train,normal,602,"['vel', '16', 'loc', 'A']",bearing,/DKUdata/2020/zhangyc/corpus/raw_data/dcase2023_t2/development/bearing/train/section_00_source_train_normal_0602_vel_16_loc_A.wav,16,A
0,source,train,normal,603,"['vel', '5', 'loc', 'A']",bearing,/DKUdata/2020/zhangyc/corpus/raw_data/dcase2023_t2/development/bearing/train/section_00_source_train_normal_0603_vel_5_loc_A.wav,5,A
0,source,train,normal,604,"['vel', '5', 'loc', 'A']",bearing,/DKUdata/2020/zhangyc/corpus/raw_data/dcase2023_t2/development/bearing/train/section_00_source_train_normal_0604_vel_5_loc_A.wav,5,A
0,source,train,normal,605,"['vel', '8', 'loc', 'D']",bearing,/DKUdata/2020/zhangyc/corpus/raw_data/dcase2023_t2/development/bearing/train/section_00_source_train_normal_0605_vel_8_loc_D.wav,8,D
0,source,train,normal,606,"['vel', '16', 'loc', 'B']",bearing,/DKUdata/2020/zhangyc/corpus/raw_data/dcase2023_t2/development/bearing/train/section_00_source_train_normal_0606_vel_16_loc_B.wav,16,B
0,source,train,normal,607,"['vel', '8', 'loc', 'A']",bearing,/DKUdata/2020/zhangyc/corpus/raw_data/dcase2023_t2/development/bearing/train/section_00_source_train_normal_0607_vel_8_loc_A.wav,8,A
0,source,train,normal,608,"['vel', '13', 'loc', 'A']",bearing,/DKUdata/2020/zhangyc/corpus/raw_data/dcase2023_t2/development/bearing/train/section_00_source_train_normal_0608_vel_13_loc_A.wav,13,A
0,source,train,normal,609,"['vel', '9', 'loc', 'A']",bearing,/DKUdata/2020/zhangyc/corpus/raw_data/dcase2023_t2/development/bearing/train/section_00_source_train_normal_0609_vel_9_loc_A.wav,9,A
0,source,train,normal,610,"['vel', '16', 'loc', 'B']",bearing,/DKUdata/2020/zhangyc/corpus/raw_data/dcase2023_t2/development/bearing/train/section_00_source_train_normal_0610_vel_16_loc_B.wav,16,B
0,source,train,normal,611,"['vel', '8', 'loc', 'C']",bearing,/DKUdata/2020/zhangyc/corpus/raw_data/dcase2023_t2/development/bearing/train/section_00_source_train_normal_0611_vel_8_loc_C.wav,8,C
0,source,train,normal,612,"['vel', '21', 'loc', 'A']",bearing,/DKUdata/2020/zhangyc/corpus/raw_data/dcase2023_t2/development/bearing/train/section_00_source_train_normal_0612_vel_21_loc_A.wav,21,A
0,source,train,normal,613,"['vel', '8', 'loc', 'B']",bearing,/DKUdata/2020/zhangyc/corpus/raw_data/dcase2023_t2/development/bearing/train/section_00_source_train_normal_0613_vel_8_loc_B.wav,8,B
0,source,train,normal,614,"['vel', '8', 'loc', 'C']",bearing,/DKUdata/2020/zhangyc/corpus/raw_data/dcase2023_t2/development/bearing/train/section_00_source_train_normal_0614_vel_8_loc_C.wav,8,C
0,source,train,normal,615,"['vel', '8', 'loc', 'D']",bearing,/DKUdata/2020/zhangyc/corpus/raw_data/dcase2023_t2/development/bearing/train/section_00_source_train_normal_0615_vel_8_loc_D.wav,8,D
0,source,train,normal,616,"['vel', '17', 'loc', 'A']",bearing,/DKUdata/2020/zhangyc/corpus/raw_data/dcase2023_t2/development/bearing/train/section_00_source_train_normal_0616_vel_17_loc_A.wav,17,A
0,source,train,normal,617,"['vel', '17', 'loc', 'A']",bearing,/DKUdata/2020/zhangyc/corpus/raw_data/dcase2023_t2/development/bearing/train/section_00_source_train_normal_0617_vel_17_loc_A.wav,17,A
0,source,train,normal,618,"['vel', '17', 'loc', 'A']",bearing,/DKUdata/2020/zhangyc/corpus/raw_data/dcase2023_t2/development/bearing/train/section_00_source_train_normal_0618_vel_17_loc_A.wav,17,A
0,source,train,normal,619,"['vel', '21', 'loc', 'A']",bearing,/DKUdata/2020/zhangyc/corpus/raw_data/dcase2023_t2/development/bearing/train/section_00_source_train_normal_0619_vel_21_loc_A.wav,21,A
0,source,train,normal,620,"['vel', '5', 'loc', 'A']",bearing,/DKUdata/2020/zhangyc/corpus/raw_data/dcase2023_t2/development/bearing/train/section_00_source_train_normal_0620_vel_5_loc_A.wav,5,A
0,source,train,normal,621,"['vel', '21', 'loc', 'A']",bearing,/DKUdata/2020/zhangyc/corpus/raw_data/dcase2023_t2/development/bearing/train/section_00_source_train_normal_0621_vel_21_loc_A.wav,21,A
0,source,train,normal,622,"['vel', '16', 'loc', 'A']",bearing,/DKUdata/2020/zhangyc/corpus/raw_data/dcase2023_t2/development/bearing/train/section_00_source_train_normal_0622_vel_16_loc_A.wav,16,A
0,source,train,normal,623,"['vel', '16', 'loc', 'B']",bearing,/DKUdata/2020/zhangyc/corpus/raw_data/dcase2023_t2/development/bearing/train/section_00_source_train_normal_0623_vel_16_loc_B.wav,16,B
0,source,train,normal,624,"['vel', '8', 'loc', 'A']",bearing,/DKUdata/2020/zhangyc/corpus/raw_data/dcase2023_t2/development/bearing/train/section_00_source_train_normal_0624_vel_8_loc_A.wav,8,A
0,source,train,normal,625,"['vel', '16', 'loc', 'C']",bearing,/DKUdata/2020/zhangyc/corpus/raw_data/dcase2023_t2/development/bearing/train/section_00_source_train_normal_0625_vel_16_loc_C.wav,16,C
0,source,train,normal,626,"['vel', '8', 'loc', 'D']",bearing,/DKUdata/2020/zhangyc/corpus/raw_data/dcase2023_t2/development/bearing/train/section_00_source_train_normal_0626_vel_8_loc_D.wav,8,D
0,source,train,normal,627,"['vel', '16', 'loc', 'A']",bearing,/DKUdata/2020/zhangyc/corpus/raw_data/dcase2023_t2/development/bearing/train/section_00_source_train_normal_0627_vel_16_loc_A.wav,16,A
0,source,train,normal,628,"['vel', '8', 'loc', 'D']",bearing,/DKUdata/2020/zhangyc/corpus/raw_data/dcase2023_t2/development/bearing/train/section_00_source_train_normal_0628_vel_8_loc_D.wav,8,D
0,source,train,normal,629,"['vel', '8', 'loc', 'D']",bearing,/DKUdata/2020/zhangyc/corpus/raw_data/dcase2023_t2/development/bearing/train/section_00_source_train_normal_0629_vel_8_loc_D.wav,8,D
0,source,train,normal,630,"['vel', '8', 'loc', 'B']",bearing,/DKUdata/2020/zhangyc/corpus/raw_data/dcase2023_t2/development/bearing/train/section_00_source_train_normal_0630_vel_8_loc_B.wav,8,B
0,source,train,normal,631,"['vel', '8', 'loc', 'A']",bearing,/DKUdata/2020/zhangyc/corpus/raw_data/dcase2023_t2/development/bearing/train/section_00_source_train_normal_0631_vel_8_loc_A.wav,8,A
0,source,train,normal,632,"['vel', '16', 'loc', 'C']",bearing,/DKUdata/2020/zhangyc/corpus/raw_data/dcase2023_t2/development/bearing/train/section_00_source_train_normal_0632_vel_16_loc_C.wav,16,C
0,source,train,normal,633,"['vel', '17', 'loc', 'A']",bearing,/DKUdata/2020/zhangyc/corpus/raw_data/dcase2023_t2/development/bearing/train/section_00_source_train_normal_0633_vel_17_loc_A.wav,17,A
0,source,train,normal,634,"['vel', '13', 'loc', 'A']",bearing,/DKUdata/2020/zhangyc/corpus/raw_data/dcase2023_t2/development/bearing/train/section_00_source_train_normal_0634_vel_13_loc_A.wav,13,A
0,source,train,normal,635,"['vel', '5', 'loc', 'A']",bearing,/DKUdata/2020/zhangyc/corpus/raw_data/dcase2023_t2/development/bearing/train/section_00_source_train_normal_0635_vel_5_loc_A.wav,5,A
0,source,train,normal,636,"['vel', '16', 'loc', 'A']",bearing,/DKUdata/2020/zhangyc/corpus/raw_data/dcase2023_t2/development/bearing/train/section_00_source_train_normal_0636_vel_16_loc_A.wav,16,A
0,source,train,normal,637,"['vel', '21', 'loc', 'A']",bearing,/DKUdata/2020/zhangyc/corpus/raw_data/dcase2023_t2/development/bearing/train/section_00_source_train_normal_0637_vel_21_loc_A.wav,21,A
0,source,train,normal,638,"['vel', '9', 'loc', 'A']",bearing,/DKUdata/2020/zhangyc/corpus/raw_data/dcase2023_t2/development/bearing/train/section_00_source_train_normal_0638_vel_9_loc_A.wav,9,A
0,source,train,normal,639,"['vel', '13', 'loc', 'A']",bearing,/DKUdata/2020/zhangyc/corpus/raw_data/dcase2023_t2/development/bearing/train/section_00_source_train_normal_0639_vel_13_loc_A.wav,13,A
0,source,train,normal,640,"['vel', '8', 'loc', 'C']",bearing,/DKUdata/2020/zhangyc/corpus/raw_data/dcase2023_t2/development/bearing/train/section_00_source_train_normal_0640_vel_8_loc_C.wav,8,C
0,source,train,normal,641,"['vel', '8', 'loc', 'D']",bearing,/DKUdata/2020/zhangyc/corpus/raw_data/dcase2023_t2/development/bearing/train/section_00_source_train_normal_0641_vel_8_loc_D.wav,8,D
0,source,train,normal,642,"['vel', '16', 'loc', 'A']",bearing,/DKUdata/2020/zhangyc/corpus/raw_data/dcase2023_t2/development/bearing/train/section_00_source_train_normal_0642_vel_16_loc_A.wav,16,A
0,source,train,normal,643,"['vel', '16', 'loc', 'D']",bearing,/DKUdata/2020/zhangyc/corpus/raw_data/dcase2023_t2/development/bearing/train/section_00_source_train_normal_0643_vel_16_loc_D.wav,16,D
0,source,train,normal,644,"['vel', '16', 'loc', 'B']",bearing,/DKUdata/2020/zhangyc/corpus/raw_data/dcase2023_t2/development/bearing/train/section_00_source_train_normal_0644_vel_16_loc_B.wav,16,B
0,source,train,normal,645,"['vel', '8', 'loc', 'B']",bearing,/DKUdata/2020/zhangyc/corpus/raw_data/dcase2023_t2/development/bearing/train/section_00_source_train_normal_0645_vel_8_loc_B.wav,8,B
0,source,train,normal,646,"['vel', '5', 'loc', 'A']",bearing,/DKUdata/2020/zhangyc/corpus/raw_data/dcase2023_t2/development/bearing/train/section_00_source_train_normal_0646_vel_5_loc_A.wav,5,A
0,source,train,normal,647,"['vel', '21', 'loc', 'A']",bearing,/DKUdata/2020/zhangyc/corpus/raw_data/dcase2023_t2/development/bearing/train/section_00_source_train_normal_0647_vel_21_loc_A.wav,21,A
0,source,train,normal,648,"['vel', '8', 'loc', 'B']",bearing,/DKUdata/2020/zhangyc/corpus/raw_data/dcase2023_t2/development/bearing/train/section_00_source_train_normal_0648_vel_8_loc_B.wav,8,B
0,source,train,normal,649,"['vel', '8', 'loc', 'C']",bearing,/DKUdata/2020/zhangyc/corpus/raw_data/dcase2023_t2/development/bearing/train/section_00_source_train_normal_0649_vel_8_loc_C.wav,8,C
0,source,train,normal,650,"['vel', '21', 'loc', 'A']",bearing,/DKUdata/2020/zhangyc/corpus/raw_data/dcase2023_t2/development/bearing/train/section_00_source_train_normal_0650_vel_21_loc_A.wav,21,A
0,source,train,normal,651,"['vel', '13', 'loc', 'A']",bearing,/DKUdata/2020/zhangyc/corpus/raw_data/dcase2023_t2/development/bearing/train/section_00_source_train_normal_0651_vel_13_loc_A.wav,13,A
0,source,train,normal,652,"['vel', '17', 'loc', 'A']",bearing,/DKUdata/2020/zhangyc/corpus/raw_data/dcase2023_t2/development/bearing/train/section_00_source_train_normal_0652_vel_17_loc_A.wav,17,A
0,source,train,normal,653,"['vel', '17', 'loc', 'A']",bearing,/DKUdata/2020/zhangyc/corpus/raw_data/dcase2023_t2/development/bearing/train/section_00_source_train_normal_0653_vel_17_loc_A.wav,17,A
0,source,train,normal,654,"['vel', '16', 'loc', 'B']",bearing,/DKUdata/2020/zhangyc/corpus/raw_data/dcase2023_t2/development/bearing/train/section_00_source_train_normal_0654_vel_16_loc_B.wav,16,B
0,source,train,normal,655,"['vel', '16', 'loc', 'D']",bearing,/DKUdata/2020/zhangyc/corpus/raw_data/dcase2023_t2/development/bearing/train/section_00_source_train_normal_0655_vel_16_loc_D.wav,16,D
0,source,train,normal,656,"['vel', '17', 'loc', 'A']",bearing,/DKUdata/2020/zhangyc/corpus/raw_data/dcase2023_t2/development/bearing/train/section_00_source_train_normal_0656_vel_17_loc_A.wav,17,A
0,source,train,normal,657,"['vel', '9', 'loc', 'A']",bearing,/DKUdata/2020/zhangyc/corpus/raw_data/dcase2023_t2/development/bearing/train/section_00_source_train_normal_0657_vel_9_loc_A.wav,9,A
0,source,train,normal,658,"['vel', '16', 'loc', 'B']",bearing,/DKUdata/2020/zhangyc/corpus/raw_data/dcase2023_t2/development/bearing/train/section_00_source_train_normal_0658_vel_16_loc_B.wav,16,B
0,source,train,normal,659,"['vel', '21', 'loc', 'A']",bearing,/DKUdata/2020/zhangyc/corpus/raw_data/dcase2023_t2/development/bearing/train/section_00_source_train_normal_0659_vel_21_loc_A.wav,21,A
0,source,train,normal,660,"['vel', '16', 'loc', 'C']",bearing,/DKUdata/2020/zhangyc/corpus/raw_data/dcase2023_t2/development/bearing/train/section_00_source_train_normal_0660_vel_16_loc_C.wav,16,C
0,source,train,normal,661,"['vel', '16', 'loc', 'B']",bearing,/DKUdata/2020/zhangyc/corpus/raw_data/dcase2023_t2/development/bearing/train/section_00_source_train_normal_0661_vel_16_loc_B.wav,16,B
0,source,train,normal,662,"['vel', '13', 'loc', 'A']",bearing,/DKUdata/2020/zhangyc/corpus/raw_data/dcase2023_t2/development/bearing/train/section_00_source_train_normal_0662_vel_13_loc_A.wav,13,A
0,source,train,normal,663,"['vel', '16', 'loc', 'B']",bearing,/DKUdata/2020/zhangyc/corpus/raw_data/dcase2023_t2/development/bearing/train/section_00_source_train_normal_0663_vel_16_loc_B.wav,16,B
0,source,train,normal,664,"['vel', '16', 'loc', 'A']",bearing,/DKUdata/2020/zhangyc/corpus/raw_data/dcase2023_t2/development/bearing/train/section_00_source_train_normal_0664_vel_16_loc_A.wav,16,A
0,source,train,normal,665,"['vel', '9', 'loc', 'A']",bearing,/DKUdata/2020/zhangyc/corpus/raw_data/dcase2023_t2/development/bearing/train/section_00_source_train_normal_0665_vel_9_loc_A.wav,9,A
0,source,train,normal,666,"['vel', '16', 'loc', 'A']",bearing,/DKUdata/2020/zhangyc/corpus/raw_data/dcase2023_t2/development/bearing/train/section_00_source_train_normal_0666_vel_16_loc_A.wav,16,A
0,source,train,normal,667,"['vel', '16', 'loc', 'C']",bearing,/DKUdata/2020/zhangyc/corpus/raw_data/dcase2023_t2/development/bearing/train/section_00_source_train_normal_0667_vel_16_loc_C.wav,16,C
0,source,train,normal,668,"['vel', '16', 'loc', 'A']",bearing,/DKUdata/2020/zhangyc/corpus/raw_data/dcase2023_t2/development/bearing/train/section_00_source_train_normal_0668_vel_16_loc_A.wav,16,A
0,source,train,normal,669,"['vel', '5', 'loc', 'A']",bearing,/DKUdata/2020/zhangyc/corpus/raw_data/dcase2023_t2/development/bearing/train/section_00_source_train_normal_0669_vel_5_loc_A.wav,5,A
0,source,train,normal,670,"['vel', '8', 'loc', 'D']",bearing,/DKUdata/2020/zhangyc/corpus/raw_data/dcase2023_t2/development/bearing/train/section_00_source_train_normal_0670_vel_8_loc_D.wav,8,D
0,source,train,normal,671,"['vel', '9', 'loc', 'A']",bearing,/DKUdata/2020/zhangyc/corpus/raw_data/dcase2023_t2/development/bearing/train/section_00_source_train_normal_0671_vel_9_loc_A.wav,9,A
0,source,train,normal,672,"['vel', '8', 'loc', 'D']",bearing,/DKUdata/2020/zhangyc/corpus/raw_data/dcase2023_t2/development/bearing/train/section_00_source_train_normal_0672_vel_8_loc_D.wav,8,D
0,source,train,normal,673,"['vel', '8', 'loc', 'B']",bearing,/DKUdata/2020/zhangyc/corpus/raw_data/dcase2023_t2/development/bearing/train/section_00_source_train_normal_0673_vel_8_loc_B.wav,8,B
0,source,train,normal,674,"['vel', '21', 'loc', 'A']",bearing,/DKUdata/2020/zhangyc/corpus/raw_data/dcase2023_t2/development/bearing/train/section_00_source_train_normal_0674_vel_21_loc_A.wav,21,A
0,source,train,normal,675,"['vel', '17', 'loc', 'A']",bearing,/DKUdata/2020/zhangyc/corpus/raw_data/dcase2023_t2/development/bearing/train/section_00_source_train_normal_0675_vel_17_loc_A.wav,17,A
0,source,train,normal,676,"['vel', '16', 'loc', 'C']",bearing,/DKUdata/2020/zhangyc/corpus/raw_data/dcase2023_t2/development/bearing/train/section_00_source_train_normal_0676_vel_16_loc_C.wav,16,C
0,source,train,normal,677,"['vel', '8', 'loc', 'A']",bearing,/DKUdata/2020/zhangyc/corpus/raw_data/dcase2023_t2/development/bearing/train/section_00_source_train_normal_0677_vel_8_loc_A.wav,8,A
0,source,train,normal,678,"['vel', '17', 'loc', 'A']",bearing,/DKUdata/2020/zhangyc/corpus/raw_data/dcase2023_t2/development/bearing/train/section_00_source_train_normal_0678_vel_17_loc_A.wav,17,A
0,source,train,normal,679,"['vel', '16', 'loc', 'A']",bearing,/DKUdata/2020/zhangyc/corpus/raw_data/dcase2023_t2/development/bearing/train/section_00_source_train_normal_0679_vel_16_loc_A.wav,16,A
0,source,train,normal,680,"['vel', '21', 'loc', 'A']",bearing,/DKUdata/2020/zhangyc/corpus/raw_data/dcase2023_t2/development/bearing/train/section_00_source_train_normal_0680_vel_21_loc_A.wav,21,A
0,source,train,normal,681,"['vel', '9', 'loc', 'A']",bearing,/DKUdata/2020/zhangyc/corpus/raw_data/dcase2023_t2/development/bearing/train/section_00_source_train_normal_0681_vel_9_loc_A.wav,9,A
0,source,train,normal,682,"['vel', '13', 'loc', 'A']",bearing,/DKUdata/2020/zhangyc/corpus/raw_data/dcase2023_t2/development/bearing/train/section_00_source_train_normal_0682_vel_13_loc_A.wav,13,A
0,source,train,normal,683,"['vel', '16', 'loc', 'A']",bearing,/DKUdata/2020/zhangyc/corpus/raw_data/dcase2023_t2/development/bearing/train/section_00_source_train_normal_0683_vel_16_loc_A.wav,16,A
0,source,train,normal,684,"['vel', '16', 'loc', 'C']",bearing,/DKUdata/2020/zhangyc/corpus/raw_data/dcase2023_t2/development/bearing/train/section_00_source_train_normal_0684_vel_16_loc_C.wav,16,C
0,source,train,normal,685,"['vel', '13', 'loc', 'A']",bearing,/DKUdata/2020/zhangyc/corpus/raw_data/dcase2023_t2/development/bearing/train/section_00_source_train_normal_0685_vel_13_loc_A.wav,13,A
0,source,train,normal,686,"['vel', '16', 'loc', 'A']",bearing,/DKUdata/2020/zhangyc/corpus/raw_data/dcase2023_t2/development/bearing/train/section_00_source_train_normal_0686_vel_16_loc_A.wav,16,A
0,source,train,normal,687,"['vel', '13', 'loc', 'A']",bearing,/DKUdata/2020/zhangyc/corpus/raw_data/dcase2023_t2/development/bearing/train/section_00_source_train_normal_0687_vel_13_loc_A.wav,13,A
0,source,train,normal,688,"['vel', '21', 'loc', 'A']",bearing,/DKUdata/2020/zhangyc/corpus/raw_data/dcase2023_t2/development/bearing/train/section_00_source_train_normal_0688_vel_21_loc_A.wav,21,A
0,source,train,normal,689,"['vel', '13', 'loc', 'A']",bearing,/DKUdata/2020/zhangyc/corpus/raw_data/dcase2023_t2/development/bearing/train/section_00_source_train_normal_0689_vel_13_loc_A.wav,13,A
0,source,train,normal,690,"['vel', '8', 'loc', 'D']",bearing,/DKUdata/2020/zhangyc/corpus/raw_data/dcase2023_t2/development/bearing/train/section_00_source_train_normal_0690_vel_8_loc_D.wav,8,D
0,source,train,normal,691,"['vel', '5', 'loc', 'A']",bearing,/DKUdata/2020/zhangyc/corpus/raw_data/dcase2023_t2/development/bearing/train/section_00_source_train_normal_0691_vel_5_loc_A.wav,5,A
0,source,train,normal,692,"['vel', '8', 'loc', 'D']",bearing,/DKUdata/2020/zhangyc/corpus/raw_data/dcase2023_t2/development/bearing/train/section_00_source_train_normal_0692_vel_8_loc_D.wav,8,D
0,source,train,normal,693,"['vel', '17', 'loc', 'A']",bearing,/DKUdata/2020/zhangyc/corpus/raw_data/dcase2023_t2/development/bearing/train/section_00_source_train_normal_0693_vel_17_loc_A.wav,17,A
0,source,train,normal,694,"['vel', '13', 'loc', 'A']",bearing,/DKUdata/2020/zhangyc/corpus/raw_data/dcase2023_t2/development/bearing/train/section_00_source_train_normal_0694_vel_13_loc_A.wav,13,A
0,source,train,normal,695,"['vel', '9', 'loc', 'A']",bearing,/DKUdata/2020/zhangyc/corpus/raw_data/dcase2023_t2/development/bearing/train/section_00_source_train_normal_0695_vel_9_loc_A.wav,9,A
0,source,train,normal,696,"['vel', '21', 'loc', 'A']",bearing,/DKUdata/2020/zhangyc/corpus/raw_data/dcase2023_t2/development/bearing/train/section_00_source_train_normal_0696_vel_21_loc_A.wav,21,A
0,source,train,normal,697,"['vel', '21', 'loc', 'A']",bearing,/DKUdata/2020/zhangyc/corpus/raw_data/dcase2023_t2/development/bearing/train/section_00_source_train_normal_0697_vel_21_loc_A.wav,21,A
0,source,train,normal,698,"['vel', '21', 'loc', 'A']",bearing,/DKUdata/2020/zhangyc/corpus/raw_data/dcase2023_t2/development/bearing/train/section_00_source_train_normal_0698_vel_21_loc_A.wav,21,A
0,source,train,normal,699,"['vel', '16', 'loc', 'A']",bearing,/DKUdata/2020/zhangyc/corpus/raw_data/dcase2023_t2/development/bearing/train/section_00_source_train_normal_0699_vel_16_loc_A.wav,16,A
0,source,train,normal,700,"['vel', '8', 'loc', 'A']",bearing,/DKUdata/2020/zhangyc/corpus/raw_data/dcase2023_t2/development/bearing/train/section_00_source_train_normal_0700_vel_8_loc_A.wav,8,A
0,source,train,normal,701,"['vel', '13', 'loc', 'A']",bearing,/DKUdata/2020/zhangyc/corpus/raw_data/dcase2023_t2/development/bearing/train/section_00_source_train_normal_0701_vel_13_loc_A.wav,13,A
0,source,train,normal,702,"['vel', '9', 'loc', 'A']",bearing,/DKUdata/2020/zhangyc/corpus/raw_data/dcase2023_t2/development/bearing/train/section_00_source_train_normal_0702_vel_9_loc_A.wav,9,A
0,source,train,normal,703,"['vel', '13', 'loc', 'A']",bearing,/DKUdata/2020/zhangyc/corpus/raw_data/dcase2023_t2/development/bearing/train/section_00_source_train_normal_0703_vel_13_loc_A.wav,13,A
0,source,train,normal,704,"['vel', '13', 'loc', 'A']",bearing,/DKUdata/2020/zhangyc/corpus/raw_data/dcase2023_t2/development/bearing/train/section_00_source_train_normal_0704_vel_13_loc_A.wav,13,A
0,source,train,normal,705,"['vel', '8', 'loc', 'A']",bearing,/DKUdata/2020/zhangyc/corpus/raw_data/dcase2023_t2/development/bearing/train/section_00_source_train_normal_0705_vel_8_loc_A.wav,8,A
0,source,train,normal,706,"['vel', '9', 'loc', 'A']",bearing,/DKUdata/2020/zhangyc/corpus/raw_data/dcase2023_t2/development/bearing/train/section_00_source_train_normal_0706_vel_9_loc_A.wav,9,A
0,source,train,normal,707,"['vel', '8', 'loc', 'B']",bearing,/DKUdata/2020/zhangyc/corpus/raw_data/dcase2023_t2/development/bearing/train/section_00_source_train_normal_0707_vel_8_loc_B.wav,8,B
0,source,train,normal,708,"['vel', '13', 'loc', 'A']",bearing,/DKUdata/2020/zhangyc/corpus/raw_data/dcase2023_t2/development/bearing/train/section_00_source_train_normal_0708_vel_13_loc_A.wav,13,A
0,source,train,normal,709,"['vel', '8', 'loc', 'A']",bearing,/DKUdata/2020/zhangyc/corpus/raw_data/dcase2023_t2/development/bearing/train/section_00_source_train_normal_0709_vel_8_loc_A.wav,8,A
0,source,train,normal,710,"['vel', '5', 'loc', 'A']",bearing,/DKUdata/2020/zhangyc/corpus/raw_data/dcase2023_t2/development/bearing/train/section_00_source_train_normal_0710_vel_5_loc_A.wav,5,A
0,source,train,normal,711,"['vel', '8', 'loc', 'C']",bearing,/DKUdata/2020/zhangyc/corpus/raw_data/dcase2023_t2/development/bearing/train/section_00_source_train_normal_0711_vel_8_loc_C.wav,8,C
0,source,train,normal,712,"['vel', '9', 'loc', 'A']",bearing,/DKUdata/2020/zhangyc/corpus/raw_data/dcase2023_t2/development/bearing/train/section_00_source_train_normal_0712_vel_9_loc_A.wav,9,A
0,source,train,normal,713,"['vel', '17', 'loc', 'A']",bearing,/DKUdata/2020/zhangyc/corpus/raw_data/dcase2023_t2/development/bearing/train/section_00_source_train_normal_0713_vel_17_loc_A.wav,17,A
0,source,train,normal,714,"['vel', '5', 'loc', 'A']",bearing,/DKUdata/2020/zhangyc/corpus/raw_data/dcase2023_t2/development/bearing/train/section_00_source_train_normal_0714_vel_5_loc_A.wav,5,A
0,source,train,normal,715,"['vel', '9', 'loc', 'A']",bearing,/DKUdata/2020/zhangyc/corpus/raw_data/dcase2023_t2/development/bearing/train/section_00_source_train_normal_0715_vel_9_loc_A.wav,9,A
0,source,train,normal,716,"['vel', '5', 'loc', 'A']",bearing,/DKUdata/2020/zhangyc/corpus/raw_data/dcase2023_t2/development/bearing/train/section_00_source_train_normal_0716_vel_5_loc_A.wav,5,A
0,source,train,normal,717,"['vel', '13', 'loc', 'A']",bearing,/DKUdata/2020/zhangyc/corpus/raw_data/dcase2023_t2/development/bearing/train/section_00_source_train_normal_0717_vel_13_loc_A.wav,13,A
0,source,train,normal,718,"['vel', '21', 'loc', 'A']",bearing,/DKUdata/2020/zhangyc/corpus/raw_data/dcase2023_t2/development/bearing/train/section_00_source_train_normal_0718_vel_21_loc_A.wav,21,A
0,source,train,normal,719,"['vel', '13', 'loc', 'A']",bearing,/DKUdata/2020/zhangyc/corpus/raw_data/dcase2023_t2/development/bearing/train/section_00_source_train_normal_0719_vel_13_loc_A.wav,13,A
0,source,train,normal,720,"['vel', '8', 'loc', 'D']",bearing,/DKUdata/2020/zhangyc/corpus/raw_data/dcase2023_t2/development/bearing/train/section_00_source_train_normal_0720_vel_8_loc_D.wav,8,D
0,source,train,normal,721,"['vel', '8', 'loc', 'C']",bearing,/DKUdata/2020/zhangyc/corpus/raw_data/dcase2023_t2/development/bearing/train/section_00_source_train_normal_0721_vel_8_loc_C.wav,8,C
0,source,train,normal,722,"['vel', '8', 'loc', 'C']",bearing,/DKUdata/2020/zhangyc/corpus/raw_data/dcase2023_t2/development/bearing/train/section_00_source_train_normal_0722_vel_8_loc_C.wav,8,C
0,source,train,normal,723,"['vel', '16', 'loc', 'C']",bearing,/DKUdata/2020/zhangyc/corpus/raw_data/dcase2023_t2/development/bearing/train/section_00_source_train_normal_0723_vel_16_loc_C.wav,16,C
0,source,train,normal,724,"['vel', '13', 'loc', 'A']",bearing,/DKUdata/2020/zhangyc/corpus/raw_data/dcase2023_t2/development/bearing/train/section_00_source_train_normal_0724_vel_13_loc_A.wav,13,A
0,source,train,normal,725,"['vel', '16', 'loc', 'A']",bearing,/DKUdata/2020/zhangyc/corpus/raw_data/dcase2023_t2/development/bearing/train/section_00_source_train_normal_0725_vel_16_loc_A.wav,16,A
0,source,train,normal,726,"['vel', '9', 'loc', 'A']",bearing,/DKUdata/2020/zhangyc/corpus/raw_data/dcase2023_t2/development/bearing/train/section_00_source_train_normal_0726_vel_9_loc_A.wav,9,A
0,source,train,normal,727,"['vel', '16', 'loc', 'D']",bearing,/DKUdata/2020/zhangyc/corpus/raw_data/dcase2023_t2/development/bearing/train/section_00_source_train_normal_0727_vel_16_loc_D.wav,16,D
0,source,train,normal,728,"['vel', '21', 'loc', 'A']",bearing,/DKUdata/2020/zhangyc/corpus/raw_data/dcase2023_t2/development/bearing/train/section_00_source_train_normal_0728_vel_21_loc_A.wav,21,A
0,source,train,normal,729,"['vel', '9', 'loc', 'A']",bearing,/DKUdata/2020/zhangyc/corpus/raw_data/dcase2023_t2/development/bearing/train/section_00_source_train_normal_0729_vel_9_loc_A.wav,9,A
0,source,train,normal,730,"['vel', '17', 'loc', 'A']",bearing,/DKUdata/2020/zhangyc/corpus/raw_data/dcase2023_t2/development/bearing/train/section_00_source_train_normal_0730_vel_17_loc_A.wav,17,A
0,source,train,normal,731,"['vel', '16', 'loc', 'B']",bearing,/DKUdata/2020/zhangyc/corpus/raw_data/dcase2023_t2/development/bearing/train/section_00_source_train_normal_0731_vel_16_loc_B.wav,16,B
0,source,train,normal,732,"['vel', '13', 'loc', 'A']",bearing,/DKUdata/2020/zhangyc/corpus/raw_data/dcase2023_t2/development/bearing/train/section_00_source_train_normal_0732_vel_13_loc_A.wav,13,A
0,source,train,normal,733,"['vel', '8', 'loc', 'B']",bearing,/DKUdata/2020/zhangyc/corpus/raw_data/dcase2023_t2/development/bearing/train/section_00_source_train_normal_0733_vel_8_loc_B.wav,8,B
0,source,train,normal,734,"['vel', '16', 'loc', 'D']",bearing,/DKUdata/2020/zhangyc/corpus/raw_data/dcase2023_t2/development/bearing/train/section_00_source_train_normal_0734_vel_16_loc_D.wav,16,D
0,source,train,normal,735,"['vel', '17', 'loc', 'A']",bearing,/DKUdata/2020/zhangyc/corpus/raw_data/dcase2023_t2/development/bearing/train/section_00_source_train_normal_0735_vel_17_loc_A.wav,17,A
0,source,train,normal,736,"['vel', '9', 'loc', 'A']",bearing,/DKUdata/2020/zhangyc/corpus/raw_data/dcase2023_t2/development/bearing/train/section_00_source_train_normal_0736_vel_9_loc_A.wav,9,A
0,source,train,normal,737,"['vel', '16', 'loc', 'B']",bearing,/DKUdata/2020/zhangyc/corpus/raw_data/dcase2023_t2/development/bearing/train/section_00_source_train_normal_0737_vel_16_loc_B.wav,16,B
0,source,train,normal,738,"['vel', '13', 'loc', 'A']",bearing,/DKUdata/2020/zhangyc/corpus/raw_data/dcase2023_t2/development/bearing/train/section_00_source_train_normal_0738_vel_13_loc_A.wav,13,A
0,source,train,normal,739,"['vel', '21', 'loc', 'A']",bearing,/DKUdata/2020/zhangyc/corpus/raw_data/dcase2023_t2/development/bearing/train/section_00_source_train_normal_0739_vel_21_loc_A.wav,21,A
0,source,train,normal,740,"['vel', '16', 'loc', 'B']",bearing,/DKUdata/2020/zhangyc/corpus/raw_data/dcase2023_t2/development/bearing/train/section_00_source_train_normal_0740_vel_16_loc_B.wav,16,B
0,source,train,normal,741,"['vel', '9', 'loc', 'A']",bearing,/DKUdata/2020/zhangyc/corpus/raw_data/dcase2023_t2/development/bearing/train/section_00_source_train_normal_0741_vel_9_loc_A.wav,9,A
0,source,train,normal,742,"['vel', '16', 'loc', 'A']",bearing,/DKUdata/2020/zhangyc/corpus/raw_data/dcase2023_t2/development/bearing/train/section_00_source_train_normal_0742_vel_16_loc_A.wav,16,A
0,source,train,normal,743,"['vel', '8', 'loc', 'B']",bearing,/DKUdata/2020/zhangyc/corpus/raw_data/dcase2023_t2/development/bearing/train/section_00_source_train_normal_0743_vel_8_loc_B.wav,8,B
0,source,train,normal,744,"['vel', '9', 'loc', 'A']",bearing,/DKUdata/2020/zhangyc/corpus/raw_data/dcase2023_t2/development/bearing/train/section_00_source_train_normal_0744_vel_9_loc_A.wav,9,A
0,source,train,normal,745,"['vel', '16', 'loc', 'D']",bearing,/DKUdata/2020/zhangyc/corpus/raw_data/dcase2023_t2/development/bearing/train/section_00_source_train_normal_0745_vel_16_loc_D.wav,16,D
0,source,train,normal,746,"['vel', '17', 'loc', 'A']",bearing,/DKUdata/2020/zhangyc/corpus/raw_data/dcase2023_t2/development/bearing/train/section_00_source_train_normal_0746_vel_17_loc_A.wav,17,A
0,source,train,normal,747,"['vel', '9', 'loc', 'A']",bearing,/DKUdata/2020/zhangyc/corpus/raw_data/dcase2023_t2/development/bearing/train/section_00_source_train_normal_0747_vel_9_loc_A.wav,9,A
0,source,train,normal,748,"['vel', '8', 'loc', 'B']",bearing,/DKUdata/2020/zhangyc/corpus/raw_data/dcase2023_t2/development/bearing/train/section_00_source_train_normal_0748_vel_8_loc_B.wav,8,B
0,source,train,normal,749,"['vel', '8', 'loc', 'A']",bearing,/DKUdata/2020/zhangyc/corpus/raw_data/dcase2023_t2/development/bearing/train/section_00_source_train_normal_0749_vel_8_loc_A.wav,8,A
0,source,train,normal,750,"['vel', '16', 'loc', 'C']",bearing,/DKUdata/2020/zhangyc/corpus/raw_data/dcase2023_t2/development/bearing/train/section_00_source_train_normal_0750_vel_16_loc_C.wav,16,C
0,source,train,normal,751,"['vel', '16', 'loc', 'C']",bearing,/DKUdata/2020/zhangyc/corpus/raw_data/dcase2023_t2/development/bearing/train/section_00_source_train_normal_0751_vel_16_loc_C.wav,16,C
0,source,train,normal,752,"['vel', '8', 'loc', 'B']",bearing,/DKUdata/2020/zhangyc/corpus/raw_data/dcase2023_t2/development/bearing/train/section_00_source_train_normal_0752_vel_8_loc_B.wav,8,B
0,source,train,normal,753,"['vel', '16', 'loc', 'A']",bearing,/DKUdata/2020/zhangyc/corpus/raw_data/dcase2023_t2/development/bearing/train/section_00_source_train_normal_0753_vel_16_loc_A.wav,16,A
0,source,train,normal,754,"['vel', '8', 'loc', 'D']",bearing,/DKUdata/2020/zhangyc/corpus/raw_data/dcase2023_t2/development/bearing/train/section_00_source_train_normal_0754_vel_8_loc_D.wav,8,D
0,source,train,normal,755,"['vel', '16', 'loc', 'D']",bearing,/DKUdata/2020/zhangyc/corpus/raw_data/dcase2023_t2/development/bearing/train/section_00_source_train_normal_0755_vel_16_loc_D.wav,16,D
0,source,train,normal,756,"['vel', '8', 'loc', 'A']",bearing,/DKUdata/2020/zhangyc/corpus/raw_data/dcase2023_t2/development/bearing/train/section_00_source_train_normal_0756_vel_8_loc_A.wav,8,A
0,source,train,normal,757,"['vel', '13', 'loc', 'A']",bearing,/DKUdata/2020/zhangyc/corpus/raw_data/dcase2023_t2/development/bearing/train/section_00_source_train_normal_0757_vel_13_loc_A.wav,13,A
0,source,train,normal,758,"['vel', '13', 'loc', 'A']",bearing,/DKUdata/2020/zhangyc/corpus/raw_data/dcase2023_t2/development/bearing/train/section_00_source_train_normal_0758_vel_13_loc_A.wav,13,A
0,source,train,normal,759,"['vel', '8', 'loc', 'D']",bearing,/DKUdata/2020/zhangyc/corpus/raw_data/dcase2023_t2/development/bearing/train/section_00_source_train_normal_0759_vel_8_loc_D.wav,8,D
0,source,train,normal,760,"['vel', '8', 'loc', 'B']",bearing,/DKUdata/2020/zhangyc/corpus/raw_data/dcase2023_t2/development/bearing/train/section_00_source_train_normal_0760_vel_8_loc_B.wav,8,B
0,source,train,normal,761,"['vel', '8', 'loc', 'A']",bearing,/DKUdata/2020/zhangyc/corpus/raw_data/dcase2023_t2/development/bearing/train/section_00_source_train_normal_0761_vel_8_loc_A.wav,8,A
0,source,train,normal,762,"['vel', '16', 'loc', 'D']",bearing,/DKUdata/2020/zhangyc/corpus/raw_data/dcase2023_t2/development/bearing/train/section_00_source_train_normal_0762_vel_16_loc_D.wav,16,D
0,source,train,normal,763,"['vel', '8', 'loc', 'D']",bearing,/DKUdata/2020/zhangyc/corpus/raw_data/dcase2023_t2/development/bearing/train/section_00_source_train_normal_0763_vel_8_loc_D.wav,8,D
0,source,train,normal,764,"['vel', '9', 'loc', 'A']",bearing,/DKUdata/2020/zhangyc/corpus/raw_data/dcase2023_t2/development/bearing/train/section_00_source_train_normal_0764_vel_9_loc_A.wav,9,A
0,source,train,normal,765,"['vel', '16', 'loc', 'A']",bearing,/DKUdata/2020/zhangyc/corpus/raw_data/dcase2023_t2/development/bearing/train/section_00_source_train_normal_0765_vel_16_loc_A.wav,16,A
0,source,train,normal,766,"['vel', '16', 'loc', 'A']",bearing,/DKUdata/2020/zhangyc/corpus/raw_data/dcase2023_t2/development/bearing/train/section_00_source_train_normal_0766_vel_16_loc_A.wav,16,A
0,source,train,normal,767,"['vel', '16', 'loc', 'C']",bearing,/DKUdata/2020/zhangyc/corpus/raw_data/dcase2023_t2/development/bearing/train/section_00_source_train_normal_0767_vel_16_loc_C.wav,16,C
0,source,train,normal,768,"['vel', '16', 'loc', 'C']",bearing,/DKUdata/2020/zhangyc/corpus/raw_data/dcase2023_t2/development/bearing/train/section_00_source_train_normal_0768_vel_16_loc_C.wav,16,C
0,source,train,normal,769,"['vel', '5', 'loc', 'A']",bearing,/DKUdata/2020/zhangyc/corpus/raw_data/dcase2023_t2/development/bearing/train/section_00_source_train_normal_0769_vel_5_loc_A.wav,5,A
0,source,train,normal,770,"['vel', '9', 'loc', 'A']",bearing,/DKUdata/2020/zhangyc/corpus/raw_data/dcase2023_t2/development/bearing/train/section_00_source_train_normal_0770_vel_9_loc_A.wav,9,A
0,source,train,normal,771,"['vel', '8', 'loc', 'B']",bearing,/DKUdata/2020/zhangyc/corpus/raw_data/dcase2023_t2/development/bearing/train/section_00_source_train_normal_0771_vel_8_loc_B.wav,8,B
0,source,train,normal,772,"['vel', '5', 'loc', 'A']",bearing,/DKUdata/2020/zhangyc/corpus/raw_data/dcase2023_t2/development/bearing/train/section_00_source_train_normal_0772_vel_5_loc_A.wav,5,A
0,source,train,normal,773,"['vel', '21', 'loc', 'A']",bearing,/DKUdata/2020/zhangyc/corpus/raw_data/dcase2023_t2/development/bearing/train/section_00_source_train_normal_0773_vel_21_loc_A.wav,21,A
0,source,train,normal,774,"['vel', '17', 'loc', 'A']",bearing,/DKUdata/2020/zhangyc/corpus/raw_data/dcase2023_t2/development/bearing/train/section_00_source_train_normal_0774_vel_17_loc_A.wav,17,A
0,source,train,normal,775,"['vel', '16', 'loc', 'C']",bearing,/DKUdata/2020/zhangyc/corpus/raw_data/dcase2023_t2/development/bearing/train/section_00_source_train_normal_0775_vel_16_loc_C.wav,16,C
0,source,train,normal,776,"['vel', '8', 'loc', 'C']",bearing,/DKUdata/2020/zhangyc/corpus/raw_data/dcase2023_t2/development/bearing/train/section_00_source_train_normal_0776_vel_8_loc_C.wav,8,C
0,source,train,normal,777,"['vel', '8', 'loc', 'B']",bearing,/DKUdata/2020/zhangyc/corpus/raw_data/dcase2023_t2/development/bearing/train/section_00_source_train_normal_0777_vel_8_loc_B.wav,8,B
0,source,train,normal,778,"['vel', '8', 'loc', 'A']",bearing,/DKUdata/2020/zhangyc/corpus/raw_data/dcase2023_t2/development/bearing/train/section_00_source_train_normal_0778_vel_8_loc_A.wav,8,A
0,source,train,normal,779,"['vel', '8', 'loc', 'A']",bearing,/DKUdata/2020/zhangyc/corpus/raw_data/dcase2023_t2/development/bearing/train/section_00_source_train_normal_0779_vel_8_loc_A.wav,8,A
0,source,train,normal,780,"['vel', '5', 'loc', 'A']",bearing,/DKUdata/2020/zhangyc/corpus/raw_data/dcase2023_t2/development/bearing/train/section_00_source_train_normal_0780_vel_5_loc_A.wav,5,A
0,source,train,normal,781,"['vel', '5', 'loc', 'A']",bearing,/DKUdata/2020/zhangyc/corpus/raw_data/dcase2023_t2/development/bearing/train/section_00_source_train_normal_0781_vel_5_loc_A.wav,5,A
0,source,train,normal,782,"['vel', '16', 'loc', 'A']",bearing,/DKUdata/2020/zhangyc/corpus/raw_data/dcase2023_t2/development/bearing/train/section_00_source_train_normal_0782_vel_16_loc_A.wav,16,A
0,source,train,normal,783,"['vel', '8', 'loc', 'B']",bearing,/DKUdata/2020/zhangyc/corpus/raw_data/dcase2023_t2/development/bearing/train/section_00_source_train_normal_0783_vel_8_loc_B.wav,8,B
0,source,train,normal,784,"['vel', '9', 'loc', 'A']",bearing,/DKUdata/2020/zhangyc/corpus/raw_data/dcase2023_t2/development/bearing/train/section_00_source_train_normal_0784_vel_9_loc_A.wav,9,A
0,source,train,normal,785,"['vel', '8', 'loc', 'D']",bearing,/DKUdata/2020/zhangyc/corpus/raw_data/dcase2023_t2/development/bearing/train/section_00_source_train_normal_0785_vel_8_loc_D.wav,8,D
0,source,train,normal,786,"['vel', '9', 'loc', 'A']",bearing,/DKUdata/2020/zhangyc/corpus/raw_data/dcase2023_t2/development/bearing/train/section_00_source_train_normal_0786_vel_9_loc_A.wav,9,A
0,source,train,normal,787,"['vel', '16', 'loc', 'C']",bearing,/DKUdata/2020/zhangyc/corpus/raw_data/dcase2023_t2/development/bearing/train/section_00_source_train_normal_0787_vel_16_loc_C.wav,16,C
0,source,train,normal,788,"['vel', '9', 'loc', 'A']",bearing,/DKUdata/2020/zhangyc/corpus/raw_data/dcase2023_t2/development/bearing/train/section_00_source_train_normal_0788_vel_9_loc_A.wav,9,A
0,source,train,normal,789,"['vel', '16', 'loc', 'A']",bearing,/DKUdata/2020/zhangyc/corpus/raw_data/dcase2023_t2/development/bearing/train/section_00_source_train_normal_0789_vel_16_loc_A.wav,16,A
0,source,train,normal,790,"['vel', '8', 'loc', 'B']",bearing,/DKUdata/2020/zhangyc/corpus/raw_data/dcase2023_t2/development/bearing/train/section_00_source_train_normal_0790_vel_8_loc_B.wav,8,B
0,source,train,normal,791,"['vel', '5', 'loc', 'A']",bearing,/DKUdata/2020/zhangyc/corpus/raw_data/dcase2023_t2/development/bearing/train/section_00_source_train_normal_0791_vel_5_loc_A.wav,5,A
0,source,train,normal,792,"['vel', '13', 'loc', 'A']",bearing,/DKUdata/2020/zhangyc/corpus/raw_data/dcase2023_t2/development/bearing/train/section_00_source_train_normal_0792_vel_13_loc_A.wav,13,A
0,source,train,normal,793,"['vel', '8', 'loc', 'B']",bearing,/DKUdata/2020/zhangyc/corpus/raw_data/dcase2023_t2/development/bearing/train/section_00_source_train_normal_0793_vel_8_loc_B.wav,8,B
0,source,train,normal,794,"['vel', '8', 'loc', 'B']",bearing,/DKUdata/2020/zhangyc/corpus/raw_data/dcase2023_t2/development/bearing/train/section_00_source_train_normal_0794_vel_8_loc_B.wav,8,B
0,source,train,normal,795,"['vel', '9', 'loc', 'A']",bearing,/DKUdata/2020/zhangyc/corpus/raw_data/dcase2023_t2/development/bearing/train/section_00_source_train_normal_0795_vel_9_loc_A.wav,9,A
0,source,train,normal,796,"['vel', '8', 'loc', 'D']",bearing,/DKUdata/2020/zhangyc/corpus/raw_data/dcase2023_t2/development/bearing/train/section_00_source_train_normal_0796_vel_8_loc_D.wav,8,D
0,source,train,normal,797,"['vel', '16', 'loc', 'C']",bearing,/DKUdata/2020/zhangyc/corpus/raw_data/dcase2023_t2/development/bearing/train/section_00_source_train_normal_0797_vel_16_loc_C.wav,16,C
0,source,train,normal,798,"['vel', '17', 'loc', 'A']",bearing,/DKUdata/2020/zhangyc/corpus/raw_data/dcase2023_t2/development/bearing/train/section_00_source_train_normal_0798_vel_17_loc_A.wav,17,A
0,source,train,normal,799,"['vel', '8', 'loc', 'A']",bearing,/DKUdata/2020/zhangyc/corpus/raw_data/dcase2023_t2/development/bearing/train/section_00_source_train_normal_0799_vel_8_loc_A.wav,8,A
0,source,train,normal,800,"['vel', '16', 'loc', 'C']",bearing,/DKUdata/2020/zhangyc/corpus/raw_data/dcase2023_t2/development/bearing/train/section_00_source_train_normal_0800_vel_16_loc_C.wav,16,C
0,source,train,normal,801,"['vel', '16', 'loc', 'A']",bearing,/DKUdata/2020/zhangyc/corpus/raw_data/dcase2023_t2/development/bearing/train/section_00_source_train_normal_0801_vel_16_loc_A.wav,16,A
0,source,train,normal,802,"['vel', '8', 'loc', 'C']",bearing,/DKUdata/2020/zhangyc/corpus/raw_data/dcase2023_t2/development/bearing/train/section_00_source_train_normal_0802_vel_8_loc_C.wav,8,C
0,source,train,normal,803,"['vel', '16', 'loc', 'D']",bearing,/DKUdata/2020/zhangyc/corpus/raw_data/dcase2023_t2/development/bearing/train/section_00_source_train_normal_0803_vel_16_loc_D.wav,16,D
0,source,train,normal,804,"['vel', '16', 'loc', 'D']",bearing,/DKUdata/2020/zhangyc/corpus/raw_data/dcase2023_t2/development/bearing/train/section_00_source_train_normal_0804_vel_16_loc_D.wav,16,D
0,source,train,normal,805,"['vel', '13', 'loc', 'A']",bearing,/DKUdata/2020/zhangyc/corpus/raw_data/dcase2023_t2/development/bearing/train/section_00_source_train_normal_0805_vel_13_loc_A.wav,13,A
0,source,train,normal,806,"['vel', '13', 'loc', 'A']",bearing,/DKUdata/2020/zhangyc/corpus/raw_data/dcase2023_t2/development/bearing/train/section_00_source_train_normal_0806_vel_13_loc_A.wav,13,A
0,source,train,normal,807,"['vel', '21', 'loc', 'A']",bearing,/DKUdata/2020/zhangyc/corpus/raw_data/dcase2023_t2/development/bearing/train/section_00_source_train_normal_0807_vel_21_loc_A.wav,21,A
0,source,train,normal,808,"['vel', '16', 'loc', 'C']",bearing,/DKUdata/2020/zhangyc/corpus/raw_data/dcase2023_t2/development/bearing/train/section_00_source_train_normal_0808_vel_16_loc_C.wav,16,C
0,source,train,normal,809,"['vel', '13', 'loc', 'A']",bearing,/DKUdata/2020/zhangyc/corpus/raw_data/dcase2023_t2/development/bearing/train/section_00_source_train_normal_0809_vel_13_loc_A.wav,13,A
0,source,train,normal,810,"['vel', '13', 'loc', 'A']",bearing,/DKUdata/2020/zhangyc/corpus/raw_data/dcase2023_t2/development/bearing/train/section_00_source_train_normal_0810_vel_13_loc_A.wav,13,A
0,source,train,normal,811,"['vel', '5', 'loc', 'A']",bearing,/DKUdata/2020/zhangyc/corpus/raw_data/dcase2023_t2/development/bearing/train/section_00_source_train_normal_0811_vel_5_loc_A.wav,5,A
0,source,train,normal,812,"['vel', '8', 'loc', 'A']",bearing,/DKUdata/2020/zhangyc/corpus/raw_data/dcase2023_t2/development/bearing/train/section_00_source_train_normal_0812_vel_8_loc_A.wav,8,A
0,source,train,normal,813,"['vel', '8', 'loc', 'C']",bearing,/DKUdata/2020/zhangyc/corpus/raw_data/dcase2023_t2/development/bearing/train/section_00_source_train_normal_0813_vel_8_loc_C.wav,8,C
0,source,train,normal,814,"['vel', '21', 'loc', 'A']",bearing,/DKUdata/2020/zhangyc/corpus/raw_data/dcase2023_t2/development/bearing/train/section_00_source_train_normal_0814_vel_21_loc_A.wav,21,A
0,source,train,normal,815,"['vel', '13', 'loc', 'A']",bearing,/DKUdata/2020/zhangyc/corpus/raw_data/dcase2023_t2/development/bearing/train/section_00_source_train_normal_0815_vel_13_loc_A.wav,13,A
0,source,train,normal,816,"['vel', '16', 'loc', 'D']",bearing,/DKUdata/2020/zhangyc/corpus/raw_data/dcase2023_t2/development/bearing/train/section_00_source_train_normal_0816_vel_16_loc_D.wav,16,D
0,source,train,normal,817,"['vel', '16', 'loc', 'C']",bearing,/DKUdata/2020/zhangyc/corpus/raw_data/dcase2023_t2/development/bearing/train/section_00_source_train_normal_0817_vel_16_loc_C.wav,16,C
0,source,train,normal,818,"['vel', '5', 'loc', 'A']",bearing,/DKUdata/2020/zhangyc/corpus/raw_data/dcase2023_t2/development/bearing/train/section_00_source_train_normal_0818_vel_5_loc_A.wav,5,A
0,source,train,normal,819,"['vel', '5', 'loc', 'A']",bearing,/DKUdata/2020/zhangyc/corpus/raw_data/dcase2023_t2/development/bearing/train/section_00_source_train_normal_0819_vel_5_loc_A.wav,5,A
0,source,train,normal,820,"['vel', '17', 'loc', 'A']",bearing,/DKUdata/2020/zhangyc/corpus/raw_data/dcase2023_t2/development/bearing/train/section_00_source_train_normal_0820_vel_17_loc_A.wav,17,A
0,source,train,normal,821,"['vel', '5', 'loc', 'A']",bearing,/DKUdata/2020/zhangyc/corpus/raw_data/dcase2023_t2/development/bearing/train/section_00_source_train_normal_0821_vel_5_loc_A.wav,5,A
0,source,train,normal,822,"['vel', '17', 'loc', 'A']",bearing,/DKUdata/2020/zhangyc/corpus/raw_data/dcase2023_t2/development/bearing/train/section_00_source_train_normal_0822_vel_17_loc_A.wav,17,A
0,source,train,normal,823,"['vel', '16', 'loc', 'D']",bearing,/DKUdata/2020/zhangyc/corpus/raw_data/dcase2023_t2/development/bearing/train/section_00_source_train_normal_0823_vel_16_loc_D.wav,16,D
0,source,train,normal,824,"['vel', '16', 'loc', 'D']",bearing,/DKUdata/2020/zhangyc/corpus/raw_data/dcase2023_t2/development/bearing/train/section_00_source_train_normal_0824_vel_16_loc_D.wav,16,D
0,source,train,normal,825,"['vel', '8', 'loc', 'C']",bearing,/DKUdata/2020/zhangyc/corpus/raw_data/dcase2023_t2/development/bearing/train/section_00_source_train_normal_0825_vel_8_loc_C.wav,8,C
0,source,train,normal,826,"['vel', '13', 'loc', 'A']",bearing,/DKUdata/2020/zhangyc/corpus/raw_data/dcase2023_t2/development/bearing/train/section_00_source_train_normal_0826_vel_13_loc_A.wav,13,A
0,source,train,normal,827,"['vel', '16', 'loc', 'B']",bearing,/DKUdata/2020/zhangyc/corpus/raw_data/dcase2023_t2/development/bearing/train/section_00_source_train_normal_0827_vel_16_loc_B.wav,16,B
0,source,train,normal,828,"['vel', '8', 'loc', 'A']",bearing,/DKUdata/2020/zhangyc/corpus/raw_data/dcase2023_t2/development/bearing/train/section_00_source_train_normal_0828_vel_8_loc_A.wav,8,A
0,source,train,normal,829,"['vel', '21', 'loc', 'A']",bearing,/DKUdata/2020/zhangyc/corpus/raw_data/dcase2023_t2/development/bearing/train/section_00_source_train_normal_0829_vel_21_loc_A.wav,21,A
0,source,train,normal,830,"['vel', '5', 'loc', 'A']",bearing,/DKUdata/2020/zhangyc/corpus/raw_data/dcase2023_t2/development/bearing/train/section_00_source_train_normal_0830_vel_5_loc_A.wav,5,A
0,source,train,normal,831,"['vel', '5', 'loc', 'A']",bearing,/DKUdata/2020/zhangyc/corpus/raw_data/dcase2023_t2/development/bearing/train/section_00_source_train_normal_0831_vel_5_loc_A.wav,5,A
0,source,train,normal,832,"['vel', '9', 'loc', 'A']",bearing,/DKUdata/2020/zhangyc/corpus/raw_data/dcase2023_t2/development/bearing/train/section_00_source_train_normal_0832_vel_9_loc_A.wav,9,A
0,source,train,normal,833,"['vel', '16', 'loc', 'D']",bearing,/DKUdata/2020/zhangyc/corpus/raw_data/dcase2023_t2/development/bearing/train/section_00_source_train_normal_0833_vel_16_loc_D.wav,16,D
0,source,train,normal,834,"['vel', '5', 'loc', 'A']",bearing,/DKUdata/2020/zhangyc/corpus/raw_data/dcase2023_t2/development/bearing/train/section_00_source_train_normal_0834_vel_5_loc_A.wav,5,A
0,source,train,normal,835,"['vel', '16', 'loc', 'A']",bearing,/DKUdata/2020/zhangyc/corpus/raw_data/dcase2023_t2/development/bearing/train/section_00_source_train_normal_0835_vel_16_loc_A.wav,16,A
0,source,train,normal,836,"['vel', '13', 'loc', 'A']",bearing,/DKUdata/2020/zhangyc/corpus/raw_data/dcase2023_t2/development/bearing/train/section_00_source_train_normal_0836_vel_13_loc_A.wav,13,A
0,source,train,normal,837,"['vel', '21', 'loc', 'A']",bearing,/DKUdata/2020/zhangyc/corpus/raw_data/dcase2023_t2/development/bearing/train/section_00_source_train_normal_0837_vel_21_loc_A.wav,21,A
0,source,train,normal,838,"['vel', '5', 'loc', 'A']",bearing,/DKUdata/2020/zhangyc/corpus/raw_data/dcase2023_t2/development/bearing/train/section_00_source_train_normal_0838_vel_5_loc_A.wav,5,A
0,source,train,normal,839,"['vel', '9', 'loc', 'A']",bearing,/DKUdata/2020/zhangyc/corpus/raw_data/dcase2023_t2/development/bearing/train/section_00_source_train_normal_0839_vel_9_loc_A.wav,9,A
0,source,train,normal,840,"['vel', '16', 'loc', 'C']",bearing,/DKUdata/2020/zhangyc/corpus/raw_data/dcase2023_t2/development/bearing/train/section_00_source_train_normal_0840_vel_16_loc_C.wav,16,C
0,source,train,normal,841,"['vel', '5', 'loc', 'A']",bearing,/DKUdata/2020/zhangyc/corpus/raw_data/dcase2023_t2/development/bearing/train/section_00_source_train_normal_0841_vel_5_loc_A.wav,5,A
0,source,train,normal,842,"['vel', '16', 'loc', 'A']",bearing,/DKUdata/2020/zhangyc/corpus/raw_data/dcase2023_t2/development/bearing/train/section_00_source_train_normal_0842_vel_16_loc_A.wav,16,A
0,source,train,normal,843,"['vel', '17', 'loc', 'A']",bearing,/DKUdata/2020/zhangyc/corpus/raw_data/dcase2023_t2/development/bearing/train/section_00_source_train_normal_0843_vel_17_loc_A.wav,17,A
0,source,train,normal,844,"['vel', '16', 'loc', 'D']",bearing,/DKUdata/2020/zhangyc/corpus/raw_data/dcase2023_t2/development/bearing/train/section_00_source_train_normal_0844_vel_16_loc_D.wav,16,D
0,source,train,normal,845,"['vel', '8', 'loc', 'D']",bearing,/DKUdata/2020/zhangyc/corpus/raw_data/dcase2023_t2/development/bearing/train/section_00_source_train_normal_0845_vel_8_loc_D.wav,8,D
0,source,train,normal,846,"['vel', '21', 'loc', 'A']",bearing,/DKUdata/2020/zhangyc/corpus/raw_data/dcase2023_t2/development/bearing/train/section_00_source_train_normal_0846_vel_21_loc_A.wav,21,A
0,source,train,normal,847,"['vel', '13', 'loc', 'A']",bearing,/DKUdata/2020/zhangyc/corpus/raw_data/dcase2023_t2/development/bearing/train/section_00_source_train_normal_0847_vel_13_loc_A.wav,13,A
0,source,train,normal,848,"['vel', '8', 'loc', 'D']",bearing,/DKUdata/2020/zhangyc/corpus/raw_data/dcase2023_t2/development/bearing/train/section_00_source_train_normal_0848_vel_8_loc_D.wav,8,D
0,source,train,normal,849,"['vel', '8', 'loc', 'D']",bearing,/DKUdata/2020/zhangyc/corpus/raw_data/dcase2023_t2/development/bearing/train/section_00_source_train_normal_0849_vel_8_loc_D.wav,8,D
0,source,train,normal,850,"['vel', '9', 'loc', 'A']",bearing,/DKUdata/2020/zhangyc/corpus/raw_data/dcase2023_t2/development/bearing/train/section_00_source_train_normal_0850_vel_9_loc_A.wav,9,A
0,source,train,normal,851,"['vel', '17', 'loc', 'A']",bearing,/DKUdata/2020/zhangyc/corpus/raw_data/dcase2023_t2/development/bearing/train/section_00_source_train_normal_0851_vel_17_loc_A.wav,17,A
0,source,train,normal,852,"['vel', '8', 'loc', 'D']",bearing,/DKUdata/2020/zhangyc/corpus/raw_data/dcase2023_t2/development/bearing/train/section_00_source_train_normal_0852_vel_8_loc_D.wav,8,D
0,source,train,normal,853,"['vel', '13', 'loc', 'A']",bearing,/DKUdata/2020/zhangyc/corpus/raw_data/dcase2023_t2/development/bearing/train/section_00_source_train_normal_0853_vel_13_loc_A.wav,13,A
0,source,train,normal,854,"['vel', '17', 'loc', 'A']",bearing,/DKUdata/2020/zhangyc/corpus/raw_data/dcase2023_t2/development/bearing/train/section_00_source_train_normal_0854_vel_17_loc_A.wav,17,A
0,source,train,normal,855,"['vel', '8', 'loc', 'D']",bearing,/DKUdata/2020/zhangyc/corpus/raw_data/dcase2023_t2/development/bearing/train/section_00_source_train_normal_0855_vel_8_loc_D.wav,8,D
0,source,train,normal,856,"['vel', '16', 'loc', 'C']",bearing,/DKUdata/2020/zhangyc/corpus/raw_data/dcase2023_t2/development/bearing/train/section_00_source_train_normal_0856_vel_16_loc_C.wav,16,C
0,source,train,normal,857,"['vel', '21', 'loc', 'A']",bearing,/DKUdata/2020/zhangyc/corpus/raw_data/dcase2023_t2/development/bearing/train/section_00_source_train_normal_0857_vel_21_loc_A.wav,21,A
0,source,train,normal,858,"['vel', '8', 'loc', 'C']",bearing,/DKUdata/2020/zhangyc/corpus/raw_data/dcase2023_t2/development/bearing/train/section_00_source_train_normal_0858_vel_8_loc_C.wav,8,C
0,source,train,normal,859,"['vel', '16', 'loc', 'C']",bearing,/DKUdata/2020/zhangyc/corpus/raw_data/dcase2023_t2/development/bearing/train/section_00_source_train_normal_0859_vel_16_loc_C.wav,16,C
0,source,train,normal,860,"['vel', '9', 'loc', 'A']",bearing,/DKUdata/2020/zhangyc/corpus/raw_data/dcase2023_t2/development/bearing/train/section_00_source_train_normal_0860_vel_9_loc_A.wav,9,A
0,source,train,normal,861,"['vel', '16', 'loc', 'C']",bearing,/DKUdata/2020/zhangyc/corpus/raw_data/dcase2023_t2/development/bearing/train/section_00_source_train_normal_0861_vel_16_loc_C.wav,16,C
0,source,train,normal,862,"['vel', '5', 'loc', 'A']",bearing,/DKUdata/2020/zhangyc/corpus/raw_data/dcase2023_t2/development/bearing/train/section_00_source_train_normal_0862_vel_5_loc_A.wav,5,A
0,source,train,normal,863,"['vel', '16', 'loc', 'C']",bearing,/DKUdata/2020/zhangyc/corpus/raw_data/dcase2023_t2/development/bearing/train/section_00_source_train_normal_0863_vel_16_loc_C.wav,16,C
0,source,train,normal,864,"['vel', '17', 'loc', 'A']",bearing,/DKUdata/2020/zhangyc/corpus/raw_data/dcase2023_t2/development/bearing/train/section_00_source_train_normal_0864_vel_17_loc_A.wav,17,A
0,source,train,normal,865,"['vel', '8', 'loc', 'D']",bearing,/DKUdata/2020/zhangyc/corpus/raw_data/dcase2023_t2/development/bearing/train/section_00_source_train_normal_0865_vel_8_loc_D.wav,8,D
0,source,train,normal,866,"['vel', '5', 'loc', 'A']",bearing,/DKUdata/2020/zhangyc/corpus/raw_data/dcase2023_t2/development/bearing/train/section_00_source_train_normal_0866_vel_5_loc_A.wav,5,A
0,source,train,normal,867,"['vel', '8', 'loc', 'A']",bearing,/DKUdata/2020/zhangyc/corpus/raw_data/dcase2023_t2/development/bearing/train/section_00_source_train_normal_0867_vel_8_loc_A.wav,8,A
0,source,train,normal,868,"['vel', '8', 'loc', 'B']",bearing,/DKUdata/2020/zhangyc/corpus/raw_data/dcase2023_t2/development/bearing/train/section_00_source_train_normal_0868_vel_8_loc_B.wav,8,B
0,source,train,normal,869,"['vel', '5', 'loc', 'A']",bearing,/DKUdata/2020/zhangyc/corpus/raw_data/dcase2023_t2/development/bearing/train/section_00_source_train_normal_0869_vel_5_loc_A.wav,5,A
0,source,train,normal,870,"['vel', '5', 'loc', 'A']",bearing,/DKUdata/2020/zhangyc/corpus/raw_data/dcase2023_t2/development/bearing/train/section_00_source_train_normal_0870_vel_5_loc_A.wav,5,A
0,source,train,normal,871,"['vel', '21', 'loc', 'A']",bearing,/DKUdata/2020/zhangyc/corpus/raw_data/dcase2023_t2/development/bearing/train/section_00_source_train_normal_0871_vel_21_loc_A.wav,21,A
0,source,train,normal,872,"['vel', '13', 'loc', 'A']",bearing,/DKUdata/2020/zhangyc/corpus/raw_data/dcase2023_t2/development/bearing/train/section_00_source_train_normal_0872_vel_13_loc_A.wav,13,A
0,source,train,normal,873,"['vel', '5', 'loc', 'A']",bearing,/DKUdata/2020/zhangyc/corpus/raw_data/dcase2023_t2/development/bearing/train/section_00_source_train_normal_0873_vel_5_loc_A.wav,5,A
0,source,train,normal,874,"['vel', '16', 'loc', 'B']",bearing,/DKUdata/2020/zhangyc/corpus/raw_data/dcase2023_t2/development/bearing/train/section_00_source_train_normal_0874_vel_16_loc_B.wav,16,B
0,source,train,normal,875,"['vel', '8', 'loc', 'D']",bearing,/DKUdata/2020/zhangyc/corpus/raw_data/dcase2023_t2/development/bearing/train/section_00_source_train_normal_0875_vel_8_loc_D.wav,8,D
0,source,train,normal,876,"['vel', '8', 'loc', 'A']",bearing,/DKUdata/2020/zhangyc/corpus/raw_data/dcase2023_t2/development/bearing/train/section_00_source_train_normal_0876_vel_8_loc_A.wav,8,A
0,source,train,normal,877,"['vel', '8', 'loc', 'A']",bearing,/DKUdata/2020/zhangyc/corpus/raw_data/dcase2023_t2/development/bearing/train/section_00_source_train_normal_0877_vel_8_loc_A.wav,8,A
0,source,train,normal,878,"['vel', '8', 'loc', 'A']",bearing,/DKUdata/2020/zhangyc/corpus/raw_data/dcase2023_t2/development/bearing/train/section_00_source_train_normal_0878_vel_8_loc_A.wav,8,A
0,source,train,normal,879,"['vel', '8', 'loc', 'B']",bearing,/DKUdata/2020/zhangyc/corpus/raw_data/dcase2023_t2/development/bearing/train/section_00_source_train_normal_0879_vel_8_loc_B.wav,8,B
0,source,train,normal,880,"['vel', '16', 'loc', 'A']",bearing,/DKUdata/2020/zhangyc/corpus/raw_data/dcase2023_t2/development/bearing/train/section_00_source_train_normal_0880_vel_16_loc_A.wav,16,A
0,source,train,normal,881,"['vel', '8', 'loc', 'D']",bearing,/DKUdata/2020/zhangyc/corpus/raw_data/dcase2023_t2/development/bearing/train/section_00_source_train_normal_0881_vel_8_loc_D.wav,8,D
0,source,train,normal,882,"['vel', '9', 'loc', 'A']",bearing,/DKUdata/2020/zhangyc/corpus/raw_data/dcase2023_t2/development/bearing/train/section_00_source_train_normal_0882_vel_9_loc_A.wav,9,A
0,source,train,normal,883,"['vel', '16', 'loc', 'D']",bearing,/DKUdata/2020/zhangyc/corpus/raw_data/dcase2023_t2/development/bearing/train/section_00_source_train_normal_0883_vel_16_loc_D.wav,16,D
0,source,train,normal,884,"['vel', '13', 'loc', 'A']",bearing,/DKUdata/2020/zhangyc/corpus/raw_data/dcase2023_t2/development/bearing/train/section_00_source_train_normal_0884_vel_13_loc_A.wav,13,A
0,source,train,normal,885,"['vel', '5', 'loc', 'A']",bearing,/DKUdata/2020/zhangyc/corpus/raw_data/dcase2023_t2/development/bearing/train/section_00_source_train_normal_0885_vel_5_loc_A.wav,5,A
0,source,train,normal,886,"['vel', '16', 'loc', 'B']",bearing,/DKUdata/2020/zhangyc/corpus/raw_data/dcase2023_t2/development/bearing/train/section_00_source_train_normal_0886_vel_16_loc_B.wav,16,B
0,source,train,normal,887,"['vel', '16', 'loc', 'C']",bearing,/DKUdata/2020/zhangyc/corpus/raw_data/dcase2023_t2/development/bearing/train/section_00_source_train_normal_0887_vel_16_loc_C.wav,16,C
0,source,train,normal,888,"['vel', '21', 'loc', 'A']",bearing,/DKUdata/2020/zhangyc/corpus/raw_data/dcase2023_t2/development/bearing/train/section_00_source_train_normal_0888_vel_21_loc_A.wav,21,A
0,source,train,normal,889,"['vel', '13', 'loc', 'A']",bearing,/DKUdata/2020/zhangyc/corpus/raw_data/dcase2023_t2/development/bearing/train/section_00_source_train_normal_0889_vel_13_loc_A.wav,13,A
0,source,train,normal,890,"['vel', '5', 'loc', 'A']",bearing,/DKUdata/2020/zhangyc/corpus/raw_data/dcase2023_t2/development/bearing/train/section_00_source_train_normal_0890_vel_5_loc_A.wav,5,A
0,source,train,normal,891,"['vel', '16', 'loc', 'B']",bearing,/DKUdata/2020/zhangyc/corpus/raw_data/dcase2023_t2/development/bearing/train/section_00_source_train_normal_0891_vel_16_loc_B.wav,16,B
0,source,train,normal,892,"['vel', '5', 'loc', 'A']",bearing,/DKUdata/2020/zhangyc/corpus/raw_data/dcase2023_t2/development/bearing/train/section_00_source_train_normal_0892_vel_5_loc_A.wav,5,A
0,source,train,normal,893,"['vel', '21', 'loc', 'A']",bearing,/DKUdata/2020/zhangyc/corpus/raw_data/dcase2023_t2/development/bearing/train/section_00_source_train_normal_0893_vel_21_loc_A.wav,21,A
0,source,train,normal,894,"['vel', '16', 'loc', 'B']",bearing,/DKUdata/2020/zhangyc/corpus/raw_data/dcase2023_t2/development/bearing/train/section_00_source_train_normal_0894_vel_16_loc_B.wav,16,B
0,source,train,normal,895,"['vel', '17', 'loc', 'A']",bearing,/DKUdata/2020/zhangyc/corpus/raw_data/dcase2023_t2/development/bearing/train/section_00_source_train_normal_0895_vel_17_loc_A.wav,17,A
0,source,train,normal,896,"['vel', '9', 'loc', 'A']",bearing,/DKUdata/2020/zhangyc/corpus/raw_data/dcase2023_t2/development/bearing/train/section_00_source_train_normal_0896_vel_9_loc_A.wav,9,A
0,source,train,normal,897,"['vel', '9', 'loc', 'A']",bearing,/DKUdata/2020/zhangyc/corpus/raw_data/dcase2023_t2/development/bearing/train/section_00_source_train_normal_0897_vel_9_loc_A.wav,9,A
0,source,train,normal,898,"['vel', '21', 'loc', 'A']",bearing,/DKUdata/2020/zhangyc/corpus/raw_data/dcase2023_t2/development/bearing/train/section_00_source_train_normal_0898_vel_21_loc_A.wav,21,A
0,source,train,normal,899,"['vel', '9', 'loc', 'A']",bearing,/DKUdata/2020/zhangyc/corpus/raw_data/dcase2023_t2/development/bearing/train/section_00_source_train_normal_0899_vel_9_loc_A.wav,9,A
0,source,train,normal,900,"['vel', '16', 'loc', 'C']",bearing,/DKUdata/2020/zhangyc/corpus/raw_data/dcase2023_t2/development/bearing/train/section_00_source_train_normal_0900_vel_16_loc_C.wav,16,C
0,source,train,normal,901,"['vel', '16', 'loc', 'C']",bearing,/DKUdata/2020/zhangyc/corpus/raw_data/dcase2023_t2/development/bearing/train/section_00_source_train_normal_0901_vel_16_loc_C.wav,16,C
0,source,train,normal,902,"['vel', '13', 'loc', 'A']",bearing,/DKUdata/2020/zhangyc/corpus/raw_data/dcase2023_t2/development/bearing/train/section_00_source_train_normal_0902_vel_13_loc_A.wav,13,A
0,source,train,normal,903,"['vel', '17', 'loc', 'A']",bearing,/DKUdata/2020/zhangyc/corpus/raw_data/dcase2023_t2/development/bearing/train/section_00_source_train_normal_0903_vel_17_loc_A.wav,17,A
0,source,train,normal,904,"['vel', '21', 'loc', 'A']",bearing,/DKUdata/2020/zhangyc/corpus/raw_data/dcase2023_t2/development/bearing/train/section_00_source_train_normal_0904_vel_21_loc_A.wav,21,A
0,source,train,normal,905,"['vel', '8', 'loc', 'B']",bearing,/DKUdata/2020/zhangyc/corpus/raw_data/dcase2023_t2/development/bearing/train/section_00_source_train_normal_0905_vel_8_loc_B.wav,8,B
0,source,train,normal,906,"['vel', '5', 'loc', 'A']",bearing,/DKUdata/2020/zhangyc/corpus/raw_data/dcase2023_t2/development/bearing/train/section_00_source_train_normal_0906_vel_5_loc_A.wav,5,A
0,source,train,normal,907,"['vel', '8', 'loc', 'A']",bearing,/DKUdata/2020/zhangyc/corpus/raw_data/dcase2023_t2/development/bearing/train/section_00_source_train_normal_0907_vel_8_loc_A.wav,8,A
0,source,train,normal,908,"['vel', '5', 'loc', 'A']",bearing,/DKUdata/2020/zhangyc/corpus/raw_data/dcase2023_t2/development/bearing/train/section_00_source_train_normal_0908_vel_5_loc_A.wav,5,A
0,source,train,normal,909,"['vel', '16', 'loc', 'A']",bearing,/DKUdata/2020/zhangyc/corpus/raw_data/dcase2023_t2/development/bearing/train/section_00_source_train_normal_0909_vel_16_loc_A.wav,16,A
0,source,train,normal,910,"['vel', '21', 'loc', 'A']",bearing,/DKUdata/2020/zhangyc/corpus/raw_data/dcase2023_t2/development/bearing/train/section_00_source_train_normal_0910_vel_21_loc_A.wav,21,A
0,source,train,normal,911,"['vel', '16', 'loc', 'A']",bearing,/DKUdata/2020/zhangyc/corpus/raw_data/dcase2023_t2/development/bearing/train/section_00_source_train_normal_0911_vel_16_loc_A.wav,16,A
0,source,train,normal,912,"['vel', '16', 'loc', 'B']",bearing,/DKUdata/2020/zhangyc/corpus/raw_data/dcase2023_t2/development/bearing/train/section_00_source_train_normal_0912_vel_16_loc_B.wav,16,B
0,source,train,normal,913,"['vel', '17', 'loc', 'A']",bearing,/DKUdata/2020/zhangyc/corpus/raw_data/dcase2023_t2/development/bearing/train/section_00_source_train_normal_0913_vel_17_loc_A.wav,17,A
0,source,train,normal,914,"['vel', '16', 'loc', 'D']",bearing,/DKUdata/2020/zhangyc/corpus/raw_data/dcase2023_t2/development/bearing/train/section_00_source_train_normal_0914_vel_16_loc_D.wav,16,D
0,source,train,normal,915,"['vel', '16', 'loc', 'A']",bearing,/DKUdata/2020/zhangyc/corpus/raw_data/dcase2023_t2/development/bearing/train/section_00_source_train_normal_0915_vel_16_loc_A.wav,16,A
0,source,train,normal,916,"['vel', '8', 'loc', 'D']",bearing,/DKUdata/2020/zhangyc/corpus/raw_data/dcase2023_t2/development/bearing/train/section_00_source_train_normal_0916_vel_8_loc_D.wav,8,D
0,source,train,normal,917,"['vel', '8', 'loc', 'D']",bearing,/DKUdata/2020/zhangyc/corpus/raw_data/dcase2023_t2/development/bearing/train/section_00_source_train_normal_0917_vel_8_loc_D.wav,8,D
0,source,train,normal,918,"['vel', '8', 'loc', 'A']",bearing,/DKUdata/2020/zhangyc/corpus/raw_data/dcase2023_t2/development/bearing/train/section_00_source_train_normal_0918_vel_8_loc_A.wav,8,A
0,source,train,normal,919,"['vel', '16', 'loc', 'D']",bearing,/DKUdata/2020/zhangyc/corpus/raw_data/dcase2023_t2/development/bearing/train/section_00_source_train_normal_0919_vel_16_loc_D.wav,16,D
0,source,train,normal,920,"['vel', '21', 'loc', 'A']",bearing,/DKUdata/2020/zhangyc/corpus/raw_data/dcase2023_t2/development/bearing/train/section_00_source_train_normal_0920_vel_21_loc_A.wav,21,A
0,source,train,normal,921,"['vel', '8', 'loc', 'C']",bearing,/DKUdata/2020/zhangyc/corpus/raw_data/dcase2023_t2/development/bearing/train/section_00_source_train_normal_0921_vel_8_loc_C.wav,8,C
0,source,train,normal,922,"['vel', '17', 'loc', 'A']",bearing,/DKUdata/2020/zhangyc/corpus/raw_data/dcase2023_t2/development/bearing/train/section_00_source_train_normal_0922_vel_17_loc_A.wav,17,A
0,source,train,normal,923,"['vel', '13', 'loc', 'A']",bearing,/DKUdata/2020/zhangyc/corpus/raw_data/dcase2023_t2/development/bearing/train/section_00_source_train_normal_0923_vel_13_loc_A.wav,13,A
0,source,train,normal,924,"['vel', '8', 'loc', 'A']",bearing,/DKUdata/2020/zhangyc/corpus/raw_data/dcase2023_t2/development/bearing/train/section_00_source_train_normal_0924_vel_8_loc_A.wav,8,A
0,source,train,normal,925,"['vel', '9', 'loc', 'A']",bearing,/DKUdata/2020/zhangyc/corpus/raw_data/dcase2023_t2/development/bearing/train/section_00_source_train_normal_0925_vel_9_loc_A.wav,9,A
0,source,train,normal,926,"['vel', '16', 'loc', 'D']",bearing,/DKUdata/2020/zhangyc/corpus/raw_data/dcase2023_t2/development/bearing/train/section_00_source_train_normal_0926_vel_16_loc_D.wav,16,D
0,source,train,normal,927,"['vel', '13', 'loc', 'A']",bearing,/DKUdata/2020/zhangyc/corpus/raw_data/dcase2023_t2/development/bearing/train/section_00_source_train_normal_0927_vel_13_loc_A.wav,13,A
0,source,train,normal,928,"['vel', '13', 'loc', 'A']",bearing,/DKUdata/2020/zhangyc/corpus/raw_data/dcase2023_t2/development/bearing/train/section_00_source_train_normal_0928_vel_13_loc_A.wav,13,A
0,source,train,normal,929,"['vel', '21', 'loc', 'A']",bearing,/DKUdata/2020/zhangyc/corpus/raw_data/dcase2023_t2/development/bearing/train/section_00_source_train_normal_0929_vel_21_loc_A.wav,21,A
0,source,train,normal,930,"['vel', '16', 'loc', 'B']",bearing,/DKUdata/2020/zhangyc/corpus/raw_data/dcase2023_t2/development/bearing/train/section_00_source_train_normal_0930_vel_16_loc_B.wav,16,B
0,source,train,normal,931,"['vel', '13', 'loc', 'A']",bearing,/DKUdata/2020/zhangyc/corpus/raw_data/dcase2023_t2/development/bearing/train/section_00_source_train_normal_0931_vel_13_loc_A.wav,13,A
0,source,train,normal,932,"['vel', '8', 'loc', 'C']",bearing,/DKUdata/2020/zhangyc/corpus/raw_data/dcase2023_t2/development/bearing/train/section_00_source_train_normal_0932_vel_8_loc_C.wav,8,C
0,source,train,normal,933,"['vel', '16', 'loc', 'B']",bearing,/DKUdata/2020/zhangyc/corpus/raw_data/dcase2023_t2/development/bearing/train/section_00_source_train_normal_0933_vel_16_loc_B.wav,16,B
0,source,train,normal,934,"['vel', '21', 'loc', 'A']",bearing,/DKUdata/2020/zhangyc/corpus/raw_data/dcase2023_t2/development/bearing/train/section_00_source_train_normal_0934_vel_21_loc_A.wav,21,A
0,source,train,normal,935,"['vel', '16', 'loc', 'B']",bearing,/DKUdata/2020/zhangyc/corpus/raw_data/dcase2023_t2/development/bearing/train/section_00_source_train_normal_0935_vel_16_loc_B.wav,16,B
0,source,train,normal,936,"['vel', '8', 'loc', 'A']",bearing,/DKUdata/2020/zhangyc/corpus/raw_data/dcase2023_t2/development/bearing/train/section_00_source_train_normal_0936_vel_8_loc_A.wav,8,A
0,source,train,normal,937,"['vel', '13', 'loc', 'A']",bearing,/DKUdata/2020/zhangyc/corpus/raw_data/dcase2023_t2/development/bearing/train/section_00_source_train_normal_0937_vel_13_loc_A.wav,13,A
0,source,train,normal,938,"['vel', '9', 'loc', 'A']",bearing,/DKUdata/2020/zhangyc/corpus/raw_data/dcase2023_t2/development/bearing/train/section_00_source_train_normal_0938_vel_9_loc_A.wav,9,A
0,source,train,normal,939,"['vel', '8', 'loc', 'C']",bearing,/DKUdata/2020/zhangyc/corpus/raw_data/dcase2023_t2/development/bearing/train/section_00_source_train_normal_0939_vel_8_loc_C.wav,8,C
0,source,train,normal,940,"['vel', '9', 'loc', 'A']",bearing,/DKUdata/2020/zhangyc/corpus/raw_data/dcase2023_t2/development/bearing/train/section_00_source_train_normal_0940_vel_9_loc_A.wav,9,A
0,source,train,normal,941,"['vel', '17', 'loc', 'A']",bearing,/DKUdata/2020/zhangyc/corpus/raw_data/dcase2023_t2/development/bearing/train/section_00_source_train_normal_0941_vel_17_loc_A.wav,17,A
0,source,train,normal,942,"['vel', '9', 'loc', 'A']",bearing,/DKUdata/2020/zhangyc/corpus/raw_data/dcase2023_t2/development/bearing/train/section_00_source_train_normal_0942_vel_9_loc_A.wav,9,A
0,source,train,normal,943,"['vel', '13', 'loc', 'A']",bearing,/DKUdata/2020/zhangyc/corpus/raw_data/dcase2023_t2/development/bearing/train/section_00_source_train_normal_0943_vel_13_loc_A.wav,13,A
0,source,train,normal,944,"['vel', '13', 'loc', 'A']",bearing,/DKUdata/2020/zhangyc/corpus/raw_data/dcase2023_t2/development/bearing/train/section_00_source_train_normal_0944_vel_13_loc_A.wav,13,A
0,source,train,normal,945,"['vel', '16', 'loc', 'C']",bearing,/DKUdata/2020/zhangyc/corpus/raw_data/dcase2023_t2/development/bearing/train/section_00_source_train_normal_0945_vel_16_loc_C.wav,16,C
0,source,train,normal,946,"['vel', '9', 'loc', 'A']",bearing,/DKUdata/2020/zhangyc/corpus/raw_data/dcase2023_t2/development/bearing/train/section_00_source_train_normal_0946_vel_9_loc_A.wav,9,A
0,source,train,normal,947,"['vel', '8', 'loc', 'C']",bearing,/DKUdata/2020/zhangyc/corpus/raw_data/dcase2023_t2/development/bearing/train/section_00_source_train_normal_0947_vel_8_loc_C.wav,8,C
0,source,train,normal,948,"['vel', '8', 'loc', 'B']",bearing,/DKUdata/2020/zhangyc/corpus/raw_data/dcase2023_t2/development/bearing/train/section_00_source_train_normal_0948_vel_8_loc_B.wav,8,B
0,source,train,normal,949,"['vel', '8', 'loc', 'B']",bearing,/DKUdata/2020/zhangyc/corpus/raw_data/dcase2023_t2/development/bearing/train/section_00_source_train_normal_0949_vel_8_loc_B.wav,8,B
0,source,train,normal,950,"['vel', '5', 'loc', 'A']",bearing,/DKUdata/2020/zhangyc/corpus/raw_data/dcase2023_t2/development/bearing/train/section_00_source_train_normal_0950_vel_5_loc_A.wav,5,A
0,source,train,normal,951,"['vel', '5', 'loc', 'A']",bearing,/DKUdata/2020/zhangyc/corpus/raw_data/dcase2023_t2/development/bearing/train/section_00_source_train_normal_0951_vel_5_loc_A.wav,5,A
0,source,train,normal,952,"['vel', '16', 'loc', 'C']",bearing,/DKUdata/2020/zhangyc/corpus/raw_data/dcase2023_t2/development/bearing/train/section_00_source_train_normal_0952_vel_16_loc_C.wav,16,C
0,source,train,normal,953,"['vel', '17', 'loc', 'A']",bearing,/DKUdata/2020/zhangyc/corpus/raw_data/dcase2023_t2/development/bearing/train/section_00_source_train_normal_0953_vel_17_loc_A.wav,17,A
0,source,train,normal,954,"['vel', '9', 'loc', 'A']",bearing,/DKUdata/2020/zhangyc/corpus/raw_data/dcase2023_t2/development/bearing/train/section_00_source_train_normal_0954_vel_9_loc_A.wav,9,A
0,source,train,normal,955,"['vel', '17', 'loc', 'A']",bearing,/DKUdata/2020/zhangyc/corpus/raw_data/dcase2023_t2/development/bearing/train/section_00_source_train_normal_0955_vel_17_loc_A.wav,17,A
0,source,train,normal,956,"['vel', '16', 'loc', 'D']",bearing,/DKUdata/2020/zhangyc/corpus/raw_data/dcase2023_t2/development/bearing/train/section_00_source_train_normal_0956_vel_16_loc_D.wav,16,D
0,source,train,normal,957,"['vel', '8', 'loc', 'B']",bearing,/DKUdata/2020/zhangyc/corpus/raw_data/dcase2023_t2/development/bearing/train/section_00_source_train_normal_0957_vel_8_loc_B.wav,8,B
0,source,train,normal,958,"['vel', '17', 'loc', 'A']",bearing,/DKUdata/2020/zhangyc/corpus/raw_data/dcase2023_t2/development/bearing/train/section_00_source_train_normal_0958_vel_17_loc_A.wav,17,A
0,source,train,normal,959,"['vel', '9', 'loc', 'A']",bearing,/DKUdata/2020/zhangyc/corpus/raw_data/dcase2023_t2/development/bearing/train/section_00_source_train_normal_0959_vel_9_loc_A.wav,9,A
0,source,train,normal,960,"['vel', '13', 'loc', 'A']",bearing,/DKUdata/2020/zhangyc/corpus/raw_data/dcase2023_t2/development/bearing/train/section_00_source_train_normal_0960_vel_13_loc_A.wav,13,A
0,source,train,normal,961,"['vel', '17', 'loc', 'A']",bearing,/DKUdata/2020/zhangyc/corpus/raw_data/dcase2023_t2/development/bearing/train/section_00_source_train_normal_0961_vel_17_loc_A.wav,17,A
0,source,train,normal,962,"['vel', '13', 'loc', 'A']",bearing,/DKUdata/2020/zhangyc/corpus/raw_data/dcase2023_t2/development/bearing/train/section_00_source_train_normal_0962_vel_13_loc_A.wav,13,A
0,source,train,normal,963,"['vel', '13', 'loc', 'A']",bearing,/DKUdata/2020/zhangyc/corpus/raw_data/dcase2023_t2/development/bearing/train/section_00_source_train_normal_0963_vel_13_loc_A.wav,13,A
0,source,train,normal,964,"['vel', '16', 'loc', 'D']",bearing,/DKUdata/2020/zhangyc/corpus/raw_data/dcase2023_t2/development/bearing/train/section_00_source_train_normal_0964_vel_16_loc_D.wav,16,D
0,source,train,normal,965,"['vel', '16', 'loc', 'C']",bearing,/DKUdata/2020/zhangyc/corpus/raw_data/dcase2023_t2/development/bearing/train/section_00_source_train_normal_0965_vel_16_loc_C.wav,16,C
0,source,train,normal,966,"['vel', '16', 'loc', 'B']",bearing,/DKUdata/2020/zhangyc/corpus/raw_data/dcase2023_t2/development/bearing/train/section_00_source_train_normal_0966_vel_16_loc_B.wav,16,B
0,source,train,normal,967,"['vel', '21', 'loc', 'A']",bearing,/DKUdata/2020/zhangyc/corpus/raw_data/dcase2023_t2/development/bearing/train/section_00_source_train_normal_0967_vel_21_loc_A.wav,21,A
0,source,train,normal,968,"['vel', '9', 'loc', 'A']",bearing,/DKUdata/2020/zhangyc/corpus/raw_data/dcase2023_t2/development/bearing/train/section_00_source_train_normal_0968_vel_9_loc_A.wav,9,A
0,source,train,normal,969,"['vel', '16', 'loc', 'B']",bearing,/DKUdata/2020/zhangyc/corpus/raw_data/dcase2023_t2/development/bearing/train/section_00_source_train_normal_0969_vel_16_loc_B.wav,16,B
0,source,train,normal,970,"['vel', '16', 'loc', 'A']",bearing,/DKUdata/2020/zhangyc/corpus/raw_data/dcase2023_t2/development/bearing/train/section_00_source_train_normal_0970_vel_16_loc_A.wav,16,A
0,source,train,normal,971,"['vel', '13', 'loc', 'A']",bearing,/DKUdata/2020/zhangyc/corpus/raw_data/dcase2023_t2/development/bearing/train/section_00_source_train_normal_0971_vel_13_loc_A.wav,13,A
0,source,train,normal,972,"['vel', '5', 'loc', 'A']",bearing,/DKUdata/2020/zhangyc/corpus/raw_data/dcase2023_t2/development/bearing/train/section_00_source_train_normal_0972_vel_5_loc_A.wav,5,A
0,source,train,normal,973,"['vel', '8', 'loc', 'D']",bearing,/DKUdata/2020/zhangyc/corpus/raw_data/dcase2023_t2/development/bearing/train/section_00_source_train_normal_0973_vel_8_loc_D.wav,8,D
0,source,train,normal,974,"['vel', '5', 'loc', 'A']",bearing,/DKUdata/2020/zhangyc/corpus/raw_data/dcase2023_t2/development/bearing/train/section_00_source_train_normal_0974_vel_5_loc_A.wav,5,A
0,source,train,normal,975,"['vel', '17', 'loc', 'A']",bearing,/DKUdata/2020/zhangyc/corpus/raw_data/dcase2023_t2/development/bearing/train/section_00_source_train_normal_0975_vel_17_loc_A.wav,17,A
0,source,train,normal,976,"['vel', '17', 'loc', 'A']",bearing,/DKUdata/2020/zhangyc/corpus/raw_data/dcase2023_t2/development/bearing/train/section_00_source_train_normal_0976_vel_17_loc_A.wav,17,A
0,source,train,normal,977,"['vel', '9', 'loc', 'A']",bearing,/DKUdata/2020/zhangyc/corpus/raw_data/dcase2023_t2/development/bearing/train/section_00_source_train_normal_0977_vel_9_loc_A.wav,9,A
0,source,train,normal,978,"['vel', '8', 'loc', 'D']",bearing,/DKUdata/2020/zhangyc/corpus/raw_data/dcase2023_t2/development/bearing/train/section_00_source_train_normal_0978_vel_8_loc_D.wav,8,D
0,source,train,normal,979,"['vel', '8', 'loc', 'D']",bearing,/DKUdata/2020/zhangyc/corpus/raw_data/dcase2023_t2/development/bearing/train/section_00_source_train_normal_0979_vel_8_loc_D.wav,8,D
0,source,train,normal,980,"['vel', '16', 'loc', 'C']",bearing,/DKUdata/2020/zhangyc/corpus/raw_data/dcase2023_t2/development/bearing/train/section_00_source_train_normal_0980_vel_16_loc_C.wav,16,C
0,source,train,normal,981,"['vel', '16', 'loc', 'B']",bearing,/DKUdata/2020/zhangyc/corpus/raw_data/dcase2023_t2/development/bearing/train/section_00_source_train_normal_0981_vel_16_loc_B.wav,16,B
0,source,train,normal,982,"['vel', '13', 'loc', 'A']",bearing,/DKUdata/2020/zhangyc/corpus/raw_data/dcase2023_t2/development/bearing/train/section_00_source_train_normal_0982_vel_13_loc_A.wav,13,A
0,source,train,normal,983,"['vel', '5', 'loc', 'A']",bearing,/DKUdata/2020/zhangyc/corpus/raw_data/dcase2023_t2/development/bearing/train/section_00_source_train_normal_0983_vel_5_loc_A.wav,5,A
0,source,train,normal,984,"['vel', '9', 'loc', 'A']",bearing,/DKUdata/2020/zhangyc/corpus/raw_data/dcase2023_t2/development/bearing/train/section_00_source_train_normal_0984_vel_9_loc_A.wav,9,A
0,source,train,normal,985,"['vel', '16', 'loc', 'B']",bearing,/DKUdata/2020/zhangyc/corpus/raw_data/dcase2023_t2/development/bearing/train/section_00_source_train_normal_0985_vel_16_loc_B.wav,16,B
0,source,train,normal,986,"['vel', '16', 'loc', 'A']",bearing,/DKUdata/2020/zhangyc/corpus/raw_data/dcase2023_t2/development/bearing/train/section_00_source_train_normal_0986_vel_16_loc_A.wav,16,A
0,source,train,normal,987,"['vel', '17', 'loc', 'A']",bearing,/DKUdata/2020/zhangyc/corpus/raw_data/dcase2023_t2/development/bearing/train/section_00_source_train_normal_0987_vel_17_loc_A.wav,17,A
0,source,train,normal,988,"['vel', '13', 'loc', 'A']",bearing,/DKUdata/2020/zhangyc/corpus/raw_data/dcase2023_t2/development/bearing/train/section_00_source_train_normal_0988_vel_13_loc_A.wav,13,A
0,source,train,normal,989,"['vel', '21', 'loc', 'A']",bearing,/DKUdata/2020/zhangyc/corpus/raw_data/dcase2023_t2/development/bearing/train/section_00_source_train_normal_0989_vel_21_loc_A.wav,21,A
0,target,train,normal,0,"['vel', '15', 'loc', 'A']",bearing,/DKUdata/2020/zhangyc/corpus/raw_data/dcase2023_t2/development/bearing/train/section_00_target_train_normal_0000_vel_15_loc_A.wav,15,A
0,target,train,normal,1,"['vel', '19', 'loc', 'A']",bearing,/DKUdata/2020/zhangyc/corpus/raw_data/dcase2023_t2/development/bearing/train/section_00_target_train_normal_0001_vel_19_loc_A.wav,19,A
0,target,train,normal,2,"['vel', '11', 'loc', 'A']",bearing,/DKUdata/2020/zhangyc/corpus/raw_data/dcase2023_t2/development/bearing/train/section_00_target_train_normal_0002_vel_11_loc_A.wav,11,A
0,target,train,normal,3,"['vel', '16', 'loc', 'G']",bearing,/DKUdata/2020/zhangyc/corpus/raw_data/dcase2023_t2/development/bearing/train/section_00_target_train_normal_0003_vel_16_loc_G.wav,16,G
0,target,train,normal,4,"['vel', '16', 'loc', 'F']",bearing,/DKUdata/2020/zhangyc/corpus/raw_data/dcase2023_t2/development/bearing/train/section_00_target_train_normal_0004_vel_16_loc_F.wav,16,F
0,target,train,normal,5,"['vel', '7', 'loc', 'A']",bearing,/DKUdata/2020/zhangyc/corpus/raw_data/dcase2023_t2/development/bearing/train/section_00_target_train_normal_0005_vel_7_loc_A.wav,7,A
0,target,train,normal,6,"['vel', '16', 'loc', 'H']",bearing,/DKUdata/2020/zhangyc/corpus/raw_data/dcase2023_t2/development/bearing/train/section_00_target_train_normal_0006_vel_16_loc_H.wav,16,H
0,target,train,normal,7,"['vel', '19', 'loc', 'A']",bearing,/DKUdata/2020/zhangyc/corpus/raw_data/dcase2023_t2/development/bearing/train/section_00_target_train_normal_0007_vel_19_loc_A.wav,19,A
0,target,train,normal,8,"['vel', '8', 'loc', 'H']",bearing,/DKUdata/2020/zhangyc/corpus/raw_data/dcase2023_t2/development/bearing/train/section_00_target_train_normal_0008_vel_8_loc_H.wav,8,H
0,target,train,normal,9,"['vel', '16', 'loc', 'E']",bearing,/DKUdata/2020/zhangyc/corpus/raw_data/dcase2023_t2/development/bearing/train/section_00_target_train_normal_0009_vel_16_loc_E.wav,16,E
